5.192179999999999573e-01 -6.780979999999999785e-01 5.201869999999999550e-01
9.404609999999999914e-01 -2.849110000000000253e-01 -1.853640000000000010e-01
3.327399999999999802e-01 8.747869999999999813e-01 3.521819999999999951e-01
6.269600000000000173e-02 -3.951160000000000228e-01 9.164889999999999981e-01
1.952990000000000004e-01 8.955440000000000067e-01 -3.998220000000000107e-01
4.693309999999999982e-01 -7.955410000000000537e-01 -3.832010000000000138e-01
7.020819999999999839e-01 -4.743669999999999831e-01 5.310890000000000333e-01
2.775759999999999894e-01 3.371810000000000085e-01 8.995889999999999720e-01
-6.360519999999999508e-01 -8.426300000000000456e-02 7.670320000000000471e-01
8.827369999999999939e-01 4.501470000000000193e-01 1.346990000000000132e-01
2.242949999999999944e-01 -8.862440000000000317e-01 -4.052939999999999876e-01
2.018820000000000059e-01 1.256599999999999939e-01 9.713150000000000395e-01
8.435249999999999693e-01 -4.204470000000000152e-01 3.341990000000000238e-01
-4.488409999999999900e-01 -2.554210000000000091e-01 8.563300000000000356e-01
9.720349999999999824e-01 2.343139999999999945e-01 -1.566499999999999837e-02
2.730819999999999914e-01 9.504620000000000291e-01 -1.484860000000000069e-01
-5.171729999999999938e-01 6.835689999999999822e-01 -5.150390000000000246e-01
8.749130000000000518e-01 3.291950000000000154e-01 3.551880000000000037e-01
-4.623559999999999892e-01 8.755439999999999889e-01 1.401779999999999970e-01
-4.125800000000000300e-02 -4.212099999999999733e-01 -9.060240000000000515e-01
-7.856340000000000545e-01 -7.804300000000000126e-02 6.137489999999999890e-01
5.274269999999999792e-01 -5.698079999999999812e-01 6.301889999999999992e-01
-1.978520000000000001e-01 -7.789430000000000520e-01 5.950649999999999551e-01
7.905469999999999997e-01 5.559509999999999730e-01 -2.568159999999999887e-01
-3.645410000000000039e-01 5.625210000000000488e-01 7.420780000000000154e-01
6.534200000000000008e-01 1.506149999999999989e-01 7.418609999999999927e-01
-4.944029999999999814e-01 4.057649999999999868e-01 7.687129999999999797e-01
7.530750000000000499e-01 2.945960000000000245e-01 5.882950000000000124e-01
-3.129910000000000192e-01 8.731100000000000527e-01 -3.737849999999999784e-01
4.437380000000000213e-01 8.324420000000000153e-01 3.318690000000000251e-01
-8.920869999999999633e-01 4.112270000000000092e-01 1.872790000000000010e-01
5.338119999999999532e-01 5.962100000000000177e-01 -5.996479999999999588e-01
-5.170559999999999601e-01 6.876299999999999635e-01 -5.097230000000000372e-01
-2.481869999999999910e-01 -8.170880000000000365e-01 -5.203560000000000407e-01
-6.108850000000000113e-01 7.839979999999999727e-01 -1.103050000000000003e-01
6.105310000000000459e-01 7.645560000000000134e-01 -2.066560000000000064e-01
-1.769290000000000029e-01 2.600810000000000066e-01 -9.492380000000000262e-01
2.021360000000000101e-01 -4.986909999999999954e-01 8.428799999999999626e-01
-8.732680000000000442e-01 3.625269999999999881e-01 3.255419999999999980e-01
8.834530000000000438e-01 -1.880459999999999909e-01 4.291260000000000074e-01
-3.374050000000000105e-01 4.331399999999999834e-02 9.403620000000000312e-01
-4.738900000000000057e-02 9.933499999999999552e-01 -1.049309999999999965e-01
5.426809999999999690e-01 -4.032069999999999821e-01 7.368320000000000425e-01
8.587719999999999798e-01 1.140120000000000022e-01 -4.995109999999999828e-01
1.889049999999999896e-01 5.721739999999999604e-01 7.980800000000000116e-01
2.135700000000000098e-02 -9.993889999999999718e-01 -2.765700000000000103e-02
8.123449999999999838e-01 3.635249999999999870e-01 -4.560109999999999997e-01
9.990120000000000111e-01 1.487699999999999960e-02 4.187500000000000250e-02
5.181459999999999955e-01 -7.010859999999999870e-01 4.899009999999999754e-01
1.681500000000000009e-02 -6.003290000000000015e-01 -7.995759999999999534e-01
9.392810000000000326e-01 -1.706600000000000061e-01 2.977020000000000222e-01
1.093800000000000050e-01 -9.746660000000000323e-01 -1.950939999999999896e-01
6.151229999999999754e-01 7.676020000000000065e-01 1.800299999999999956e-01
7.971699999999999620e-02 6.536229999999999540e-01 -7.526100000000000012e-01
2.123200000000000087e-01 1.760410000000000030e-01 -9.612119999999999553e-01
6.246950000000000003e-01 2.127599999999999977e-02 7.805790000000000228e-01
5.003410000000000357e-01 -4.730889999999999818e-01 -7.251520000000000188e-01
4.452860000000000151e-01 -8.204850000000000199e-01 3.585019999999999873e-01
6.864320000000000421e-01 -6.194739999999999691e-01 -3.808699999999999863e-01
7.198250000000000481e-01 -3.513970000000000149e-01 -5.986409999999999787e-01
-6.541399999999999992e-02 -7.819460000000000299e-01 6.199029999999999818e-01
5.657750000000000279e-01 8.237100000000000533e-01 -3.741900000000000087e-02
5.401409999999999823e-01 4.917909999999999782e-01 6.829260000000000330e-01
7.220509999999999984e-01 6.256859999999999644e-01 2.952290000000000192e-01
5.189169999999999616e-01 -7.027719999999999523e-01 4.866570000000000062e-01
1.843410000000000049e-01 -6.268799999999999373e-02 -9.808609999999999829e-01
5.639899999999999913e-01 -1.429130000000000122e-01 8.133209999999999607e-01
6.949440000000000062e-01 -7.189039999999999875e-01 1.515099999999999954e-02
9.914209999999999967e-01 1.293739999999999890e-01 -1.861200000000000007e-02
1.154990000000000044e-01 -8.658059999999999645e-01 -4.868680000000000230e-01
8.420739999999999892e-01 4.426109999999999767e-01 -3.082329999999999792e-01
2.599569999999999936e-01 -8.720809999999999951e-01 4.146029999999999993e-01
4.364520000000000066e-01 5.386739999999999862e-01 -7.206519999999999593e-01
8.923039999999999861e-01 -3.223000000000000170e-03 4.514239999999999919e-01
5.689929999999999710e-01 5.377669999999999950e-01 6.221360000000000223e-01
7.725710000000000077e-01 -6.302130000000000232e-01 7.723399999999999710e-02
-2.202320000000000111e-01 4.333900000000000252e-02 -9.744840000000000169e-01
5.876160000000000272e-01 5.594590000000000396e-01 -5.845609999999999973e-01
1.829600000000000115e-01 -2.429080000000000128e-01 -9.526390000000000136e-01
3.235509999999999775e-01 9.461850000000000538e-01 6.989999999999999686e-03
5.204950000000000410e-01 -7.048379999999999646e-01 4.819629999999999748e-01
8.546420000000000128e-01 -4.925089999999999746e-01 1.643870000000000053e-01
3.712539999999999729e-01 3.724629999999999885e-01 -8.505530000000000035e-01
5.384079999999999977e-01 -6.891100000000000003e-01 4.850200000000000067e-01
7.026759999999999673e-01 -1.224810000000000065e-01 -7.008879999999999555e-01
9.485879999999999868e-01 -1.462399999999999985e-02 -3.161749999999999838e-01
1.329329999999999956e-01 -7.095780000000000420e-01 -6.919729999999999492e-01
1.219790000000000041e-01 8.369130000000000180e-01 5.335699999999999887e-01
4.881159999999999943e-01 3.479189999999999783e-01 8.004339999999999788e-01
5.531690000000000218e-01 7.940310000000000423e-01 -2.520310000000000050e-01
-4.977969999999999895e-01 3.157590000000000119e-01 -8.077710000000000168e-01
-1.721959999999999880e-01 7.970580000000000442e-01 -5.788309999999999844e-01
7.379170000000000451e-01 -2.228900000000000048e-01 -6.370230000000000059e-01
3.764460000000000028e-01 -9.264200000000000212e-01 -5.860999999999999890e-03
8.059089999999999865e-01 5.696609999999999729e-01 1.612349999999999894e-01
-5.205210000000000115e-01 6.916010000000000213e-01 -5.007439999999999669e-01
-7.809350000000000458e-01 -4.300240000000000173e-01 -4.530129999999999990e-01
3.860310000000000130e-01 -9.170460000000000278e-01 -1.000390000000000029e-01
9.261350000000000415e-01 2.148609999999999964e-01 3.100140000000000118e-01
-5.644590000000000440e-01 6.945160000000000222e-01 4.461309999999999998e-01
-1.424559999999999993e-01 -3.301259999999999750e-01 9.331249999999999822e-01
-8.266580000000000039e-01 -5.510369999999999990e-01 1.139939999999999981e-01
2.564319999999999933e-01 9.418950000000000378e-01 2.169719999999999982e-01
3.914679999999999827e-01 -6.601650000000000018e-01 -6.410420000000000007e-01
-1.132370000000000043e-01 2.238350000000000062e-01 -9.680260000000000531e-01
9.439659999999999718e-01 -3.298449999999999993e-01 -1.144200000000000078e-02
4.636080000000000201e-01 7.814959999999999685e-01 -4.175300000000000122e-01
-5.268000000000000113e-03 -9.800130000000000230e-01 -1.988640000000000130e-01
-6.882199999999999429e-02 -8.880100000000000493e-02 9.936679999999999957e-01
9.790870000000000406e-01 -1.407100000000000017e-01 1.469320000000000070e-01
-5.055749999999999966e-01 1.739580000000000015e-01 8.450630000000000086e-01
9.514920000000000044e-01 1.053680000000000033e-01 -2.890690000000000204e-01
-5.204830000000000290e-01 6.913960000000000106e-01 -5.010670000000000401e-01
-1.313769999999999938e-01 -8.212899999999999368e-02 -9.879240000000000244e-01
-2.364249999999999963e-01 6.463419999999999721e-01 -7.254950000000000010e-01
-7.853280000000000260e-01 1.529979999999999951e-01 -5.998769999999999936e-01
2.646080000000000099e-01 9.621769999999999490e-01 6.478399999999999437e-02
-5.143400000000000194e-01 -7.066320000000000379e-01 4.859269999999999978e-01
-3.592420000000000058e-01 -2.947100000000000275e-01 -8.854889999999999706e-01
-7.040250000000000119e-01 -2.734010000000000051e-01 -6.554400000000000226e-01
-4.802649999999999975e-01 -6.585499999999999687e-01 -5.793599999999999861e-01
-2.649599999999999872e-02 -9.449920000000000542e-01 3.260170000000000012e-01
-8.244519999999999627e-01 3.286049999999999804e-01 4.607589999999999741e-01
-4.568280000000000118e-01 5.781920000000000393e-01 -6.760190000000000365e-01
-7.456570000000000142e-01 2.069689999999999863e-01 -6.333710000000000173e-01
-2.183130000000000071e-01 6.894460000000000033e-01 -6.906539999999999901e-01
9.833899999999999864e-01 -1.809630000000000127e-01 -1.402300000000000074e-02
-2.642129999999999757e-01 3.923789999999999778e-01 8.810390000000000166e-01
-5.192989999999999551e-01 6.923890000000000322e-01 -5.009249999999999536e-01
-6.828819999999999890e-01 6.278829999999999689e-01 -3.734100000000000197e-01
7.177750000000000519e-01 -6.271130000000000315e-01 -3.025370000000000004e-01
-9.194599999999999995e-02 6.835219999999999629e-01 7.241159999999999819e-01
-2.819980000000000264e-01 -6.143150000000000555e-01 -7.369489999999999652e-01
9.178669999999999884e-01 2.897710000000000008e-01 -2.712080000000000046e-01
1.497509999999999952e-01 5.250909999999999744e-01 -8.377660000000000107e-01
-6.502400000000000402e-01 -3.392379999999999840e-01 6.797830000000000261e-01
-3.652090000000000058e-01 9.234099999999999531e-01 -1.180510000000000032e-01
7.617819999999999592e-01 6.441519999999999468e-01 -6.896599999999999953e-02
-2.234250000000000125e-01 9.577059999999999462e-01 -1.813299999999999912e-01
8.178860000000000019e-01 -3.298000000000000237e-02 -5.744350000000000289e-01
-2.416379999999999917e-01 -6.052380000000000537e-01 7.584830000000000183e-01
4.816579999999999750e-01 -3.403699999999999781e-02 -8.756979999999999764e-01
-2.047460000000000113e-01 -9.320960000000000356e-01 2.987890000000000268e-01
-1.891170000000000073e-01 -6.420599999999999641e-01 -7.429630000000000400e-01
-5.168880000000000141e-01 6.942949999999999955e-01 -5.007810000000000317e-01
-1.657990000000000019e-01 3.924610000000000043e-01 9.047020000000000062e-01
7.219269999999999854e-01 -6.624520000000000408e-01 -1.999479999999999869e-01
-4.545830000000000148e-01 1.449209999999999943e-01 -8.788359999999999506e-01
7.204829999999999846e-01 -3.030370000000000008e-01 6.237570000000000059e-01
-4.726159999999999806e-01 -1.134379999999999972e-01 -8.739369999999999639e-01
9.539670000000000094e-01 1.898279999999999967e-01 2.321930000000000105e-01
-3.475480000000000236e-01 -6.306199999999999584e-01 6.939220000000000388e-01
-5.608049999999999979e-01 -8.153430000000000399e-01 -1.439179999999999904e-01
-5.826419999999999932e-01 4.343600000000000239e-02 8.115670000000000384e-01
7.874480000000000368e-01 -6.068280000000000340e-01 -1.081040000000000056e-01
-7.735499999999999321e-02 -3.507419999999999982e-01 -9.332719999999999905e-01
-1.614069999999999949e-01 8.891480000000000494e-01 4.282090000000000063e-01
8.575690000000000257e-01 -4.407200000000000006e-01 2.652209999999999845e-01
6.688229999999999453e-01 6.538760000000000128e-01 3.537259999999999849e-01
6.664879999999999693e-01 -6.928199999999999914e-01 2.753059999999999952e-01
-5.151120000000000143e-01 6.956020000000000536e-01 -5.007970000000000477e-01
-7.129879999999999551e-01 -2.732689999999999841e-01 6.457340000000000302e-01
-5.449720000000000120e-01 -7.113000000000000433e-01 -4.439119999999999733e-01
-6.524510000000000032e-01 -3.914989999999999859e-01 6.488720000000000043e-01
-3.270540000000000114e-01 -8.351340000000000430e-01 4.422510000000000052e-01
9.359340000000000437e-01 8.076899999999999358e-02 3.427890000000000104e-01
8.705310000000000548e-01 4.443480000000000207e-01 2.114969999999999906e-01
1.376499999999999946e-02 9.544620000000000326e-01 2.980160000000000031e-01
-3.443399999999999794e-01 7.875830000000000330e-01 5.110219999999999763e-01
-6.586039999999999672e-01 5.358519999999999950e-01 5.283029999999999671e-01
-1.039940000000000031e-01 9.912600000000000300e-01 -8.117499999999999716e-02
-3.862909999999999955e-01 6.565999999999999788e-03 -9.223529999999999784e-01
-3.927910000000000013e-01 3.266560000000000019e-01 -8.596570000000000045e-01
-5.025049999999999795e-01 8.022319999999999451e-01 3.223550000000000026e-01
-1.115499999999999964e-01 9.188429999999999653e-01 -3.785290000000000044e-01
9.474320000000000519e-01 -2.055140000000000022e-01 2.452270000000000005e-01
-5.148719999999999963e-01 6.950730000000000519e-01 -5.017759999999999998e-01
1.724799999999999944e-02 8.433420000000000361e-01 -5.370989999999999931e-01
-3.271899999999999809e-02 1.715839999999999865e-01 9.846260000000000012e-01
-1.669090000000000018e-01 -7.947680000000000300e-01 -5.835110000000000019e-01
9.690659999999999830e-01 -3.097300000000000053e-02 -2.448519999999999863e-01
-4.143310000000000048e-01 -8.004000000000000004e-02 9.065990000000000437e-01
9.362869999999999804e-01 2.302440000000000042e-01 -2.652439999999999798e-01
9.112320000000000420e-01 4.118589999999999751e-01 5.322999999999999607e-03
-2.985450000000000048e-01 4.003900000000000237e-01 -8.663480000000000070e-01
9.461680000000000090e-01 3.067329999999999779e-01 -1.033469999999999944e-01
-1.405649999999999955e-01 4.934410000000000185e-01 -8.583450000000000246e-01
-6.413609999999999589e-01 6.948280000000000012e-01 -3.253770000000000273e-01
9.082280000000000353e-01 -1.290380000000000138e-01 -3.980850000000000222e-01
-4.662749999999999950e-01 -8.843349999999999822e-01 -2.324100000000000124e-02
-3.525090000000000168e-01 -9.209819999999999673e-01 1.659200000000000119e-01
5.133769999999999722e-01 -6.897640000000000438e-01 5.105570000000000386e-01
8.394129999999999647e-01 7.494599999999999873e-02 5.383019999999999472e-01
-1.193099999999999994e-01 7.713590000000000169e-01 6.251170000000000337e-01
-5.337340000000000417e-01 8.340769999999999573e-01 1.394410000000000094e-01
-7.790080000000000338e-01 4.779220000000000135e-01 4.058789999999999898e-01
4.987130000000000174e-01 3.249690000000000079e-01 8.035419999999999785e-01
-5.888899999999999690e-02 3.615299999999999764e-02 9.976089999999999680e-01
7.894750000000000378e-01 2.178589999999999971e-01 5.738180000000000502e-01
-4.956570000000000142e-01 7.967499999999999583e-01 -3.457069999999999865e-01
-7.211039999999999672e-01 -5.893110000000000293e-01 3.643100000000000227e-01
-1.821339999999999903e-01 8.163700000000000401e-01 -5.480570000000000164e-01
-6.455300000000000482e-01 4.775769999999999738e-01 5.959959999999999702e-01
-2.249740000000000073e-01 9.604690000000000172e-01 1.639670000000000016e-01
-3.284079999999999777e-01 6.475800000000000445e-01 6.875959999999999850e-01
-2.714440000000000186e-01 -1.248129999999999934e-01 9.543260000000000076e-01
7.027989999999999515e-01 5.523559999999999581e-01 -4.483039999999999803e-01
6.723190000000000000e-01 5.196589999999999820e-01 5.272019999999999484e-01
5.110639999999999628e-01 -6.956750000000000433e-01 5.048249999999999682e-01
-1.866619999999999946e-01 -2.875650000000000150e-01 9.393949999999999800e-01
8.003789999999999516e-01 -2.103999999999999967e-03 5.994909999999999961e-01
1.926999999999999894e-03 6.783789999999999543e-01 -7.347089999999999455e-01
-6.507760000000000211e-01 -7.070210000000000106e-01 2.767870000000000053e-01
-5.451300000000000034e-01 3.984550000000000036e-01 7.376089999999999591e-01
7.131110000000000504e-01 -4.472039999999999904e-01 5.398889999999999523e-01
3.678540000000000143e-01 7.498340000000000005e-01 5.499380000000000379e-01
9.907899999999999485e-01 1.345400000000000068e-02 1.347369999999999957e-01
-8.945699999999999485e-02 -9.112190000000000012e-01 -4.020900000000000030e-01
9.209870000000000001e-01 -3.895600000000000174e-01 5.054999999999999598e-03
4.155380000000000185e-01 8.715159999999999574e-01 -2.603610000000000091e-01
3.433419999999999805e-01 4.859749999999999903e-01 8.037060000000000315e-01
8.442309999999999537e-01 -5.347990000000000244e-01 -3.555699999999999833e-02
-3.592980000000000063e-01 2.592070000000000207e-01 8.965020000000000211e-01
6.198139999999999761e-01 -3.553069999999999840e-01 6.997050000000000214e-01
5.129890000000000283e-01 -6.971650000000000347e-01 5.008010000000000517e-01
2.735299999999999884e-02 9.759790000000000409e-01 -2.161409999999999998e-01
5.366389999999999771e-01 1.688699999999999923e-01 -8.267409999999999481e-01
1.263299999999999979e-01 -4.857850000000000223e-01 -8.649010000000000309e-01
7.745450000000000390e-01 4.275370000000000004e-01 -4.661460000000000048e-01
2.329229999999999912e-01 9.527569999999999650e-01 1.949410000000000032e-01
7.533980000000000121e-01 5.851709999999999967e-01 2.999430000000000152e-01
4.466189999999999882e-01 6.955100000000000171e-02 8.920169999999999488e-01
7.936450000000000449e-01 -4.316999999999999726e-01 4.286760000000000015e-01
3.325609999999999955e-01 3.764140000000000263e-01 -8.647049999999999459e-01
4.888979999999999992e-01 -8.469879999999999631e-01 2.087819999999999954e-01
8.737899999999999834e-02 4.172879999999999923e-01 9.045640000000000347e-01
5.923079999999999457e-01 -8.046729999999999716e-01 4.089000000000000273e-02
-3.729199999999999737e-01 5.058160000000000434e-01 -7.778690000000000326e-01
8.925180000000000335e-01 -2.237180000000000002e-01 -3.916140000000000176e-01
4.793399999999999883e-01 -2.605180000000000273e-01 -8.380710000000000104e-01
-5.147909999999999986e-01 6.984529999999999905e-01 -4.971450000000000036e-01
9.814629999999999743e-01 -1.165179999999999966e-01 -1.521619999999999917e-01
6.458479999999999777e-01 7.503250000000000197e-01 1.410399999999999987e-01
-6.683170000000000499e-01 -8.617800000000000460e-02 -7.388679999999999692e-01
8.623180000000000289e-01 -1.041720000000000007e-01 -4.955350000000000033e-01
2.960240000000000093e-01 3.874529999999999919e-01 8.730689999999999840e-01
1.145940000000000014e-01 9.930809999999999915e-01 2.565600000000000172e-02
6.129099999999999548e-01 -7.806859999999999911e-01 -1.219459999999999988e-01
7.331360000000000099e-01 6.785459999999999825e-01 4.568400000000000238e-02
-1.055099999999999962e-02 -6.014549999999999619e-01 7.988359999999999905e-01
3.067790000000000239e-01 4.667200000000000237e-01 -8.294930000000000359e-01
3.762340000000000129e-01 -7.386040000000000383e-01 5.593850000000000211e-01
8.385799999999999921e-01 2.764159999999999950e-01 -4.694439999999999724e-01
7.406040000000000401e-01 4.511600000000000055e-01 4.979569999999999830e-01
6.773999999999999466e-02 -5.678239999999999954e-01 -8.203580000000000316e-01
7.913080000000000114e-01 1.824189999999999978e-01 -5.835700000000000331e-01
5.174149999999999583e-01 -6.949469999999999814e-01 4.993290000000000228e-01
-1.546100000000000078e-02 1.171869999999999995e-01 -9.929890000000000105e-01
9.113139999999999574e-01 -4.092459999999999987e-01 4.498699999999999921e-02
3.486870000000000247e-01 7.234030000000000182e-01 -5.959069999999999645e-01
-1.921470000000000122e-01 9.597040000000000015e-01 2.050569999999999893e-01
3.028560000000000141e-01 -1.183489999999999959e-01 9.456590000000000273e-01
3.349779999999999980e-01 -9.016459999999999475e-01 -2.735409999999999786e-01
9.563319999999999599e-01 2.416590000000000127e-01 1.644089999999999996e-01
5.274590000000000112e-01 7.546659999999999480e-01 3.902140000000000053e-01
6.701089999999999547e-01 -8.504499999999999560e-02 7.373739999999999739e-01
6.685499999999999776e-01 8.529899999999999982e-02 -7.387590000000000545e-01
3.356160000000000254e-01 6.894470000000000320e-01 -6.418909999999999894e-01
4.226110000000000144e-01 8.439959999999999685e-01 3.302579999999999960e-01
2.678590000000000138e-01 -5.507379999999999498e-01 -7.905309999999999837e-01
4.251619999999999844e-01 -6.177759999999999918e-01 6.615050000000000097e-01
5.179040000000000310e-01 -5.830880000000000507e-01 -6.259259999999999824e-01
5.181769999999999987e-01 -7.025879999999999903e-01 4.877110000000000056e-01
2.624739999999999851e-01 7.939460000000000406e-01 -5.484120000000000106e-01
1.224230000000000040e-01 9.911050000000000137e-01 -5.217700000000000116e-02
8.689949999999999619e-01 -2.360450000000000048e-01 4.348910000000000275e-01
2.558619999999999783e-01 9.094109999999999694e-01 3.278820000000000068e-01
4.212170000000000081e-01 -7.504729999999999457e-01 5.092790000000000372e-01
7.173079999999999457e-01 6.565579999999999750e-01 -2.332369999999999999e-01
1.756220000000000003e-01 1.799370000000000136e-01 9.678729999999999833e-01
8.449410000000000531e-01 -3.116949999999999998e-01 4.346499999999999808e-01
3.174770000000000092e-01 -9.760000000000000620e-02 -9.432300000000000129e-01
8.374650000000000150e-01 -4.570020000000000193e-01 -2.996699999999999919e-01
7.808389999999999498e-01 -3.683930000000000260e-01 -5.045560000000000045e-01
-3.514320000000000221e-01 8.701529999999999543e-01 3.454420000000000268e-01
6.291499999999999870e-01 -1.703060000000000129e-01 7.583959999999999591e-01
9.924060000000000104e-01 4.696199999999999680e-02 -1.136859999999999954e-01
-4.097069999999999879e-01 -6.568190000000000417e-01 -6.330320000000000391e-01
