-4.952360000000000095e-01 3.795279999999999765e-01 7.814729999999999732e-01
-2.405160000000000076e-01 -3.035499999999999865e-01 -9.219589999999999730e-01
3.066199999999999828e-02 1.755259999999999876e-01 -9.839970000000000105e-01
-9.501700000000000423e-02 8.974499999999999700e-01 4.307610000000000050e-01
1.636990000000000112e-01 -9.485350000000000170e-01 2.710779999999999856e-01
2.862620000000000164e-01 8.428269999999999929e-01 4.557379999999999765e-01
3.304369999999999807e-01 -7.238850000000000007e-01 6.056420000000000137e-01
-7.091870000000000118e-01 -3.302359999999999740e-01 -6.228949999999999765e-01
-9.706369999999999720e-01 1.312260000000000093e-01 2.016010000000000024e-01
-2.373760000000000037e-01 -1.280010000000000037e-01 9.629480000000000262e-01
1.330949999999999911e-01 -7.850300000000000056e-01 -6.049909999999999455e-01
-5.877000000000000279e-03 3.704529999999999768e-01 -9.288330000000000197e-01
2.573799999999999977e-01 6.669819999999999638e-01 -6.992070000000000229e-01
-6.645759999999999446e-01 5.689800000000000413e-01 4.843569999999999820e-01
-6.090670000000000250e-01 -6.710720000000000018e-01 -4.227279999999999927e-01
8.700890000000000013e-01 -4.805760000000000032e-01 -1.095089999999999952e-01
7.035609999999999919e-01 3.373729999999999785e-01 -6.254450000000000287e-01
-4.562919999999999754e-01 7.698610000000000175e-01 -4.462189999999999768e-01
7.852000000000000091e-01 -5.425910000000000455e-01 -2.984220000000000206e-01
1.192180000000000045e-01 9.291120000000000489e-01 3.500550000000000050e-01
-4.979060000000000152e-01 7.144509999999999472e-01 4.915780000000000149e-01
-1.845229999999999926e-01 2.481669999999999987e-01 -9.509809999999999652e-01
-4.695529999999999982e-01 1.553750000000000131e-01 8.691250000000000364e-01
4.090369999999999839e-01 5.865310000000000246e-01 6.990490000000000315e-01
-1.404930000000000068e-01 4.151099999999999929e-02 -9.892109999999999514e-01
-5.133969999999999922e-01 5.604829999999999535e-01 6.498329999999999940e-01
-5.817299999999999693e-01 7.690519999999999579e-01 -2.648570000000000091e-01
-8.427170000000000494e-01 -2.522480000000000278e-01 -4.756040000000000267e-01
-4.241799999999999737e-02 -6.940690000000000470e-01 7.186569999999999903e-01
-1.600389999999999868e-01 -5.260369999999999768e-01 8.352680000000000105e-01
8.006130000000000191e-01 -5.969579999999999886e-01 5.157300000000000079e-02
-7.862350000000000172e-01 2.366040000000000088e-01 5.708349999999999813e-01
1.203580000000000066e-01 -2.438079999999999969e-01 -9.623260000000000147e-01
3.510780000000000012e-01 -1.131709999999999938e-01 9.294820000000000304e-01
6.007240000000000357e-01 7.583879999999999511e-01 -2.529390000000000249e-01
7.435819999999999652e-01 4.739059999999999939e-01 4.716969999999999774e-01
-3.606019999999999781e-01 -4.305160000000000098e-01 -8.274190000000000156e-01
6.226369999999999960e-01 7.818869999999999987e-01 -3.123199999999999935e-02
-9.421059999999999990e-01 -3.171709999999999807e-01 -1.088080000000000019e-01
-6.278540000000000232e-01 6.448129999999999695e-01 -4.359080000000000177e-01
-1.317089999999999927e-01 -9.888460000000000027e-01 6.954599999999999671e-02
-3.830600000000000116e-01 3.211499999999999910e-01 -8.660989999999999522e-01
9.415550000000000308e-01 1.848700000000000065e-01 2.815969999999999862e-01
-4.413569999999999993e-01 -7.194059999999999899e-01 -5.363390000000000102e-01
8.459889999999999910e-01 2.045069999999999943e-01 -4.924229999999999996e-01
6.295290000000000052e-01 7.488329999999999709e-01 2.072269999999999945e-01
9.178290000000000060e-01 2.557139999999999969e-01 -3.036440000000000250e-01
-9.508780000000000010e-01 -2.924510000000000165e-01 1.015019999999999950e-01
-4.577260000000000217e-01 -6.132530000000000481e-01 6.437450000000000117e-01
3.452009999999999801e-01 7.727519999999999945e-01 -5.326260000000000439e-01
2.541799999999999962e-02 -8.962360000000000326e-01 4.428489999999999926e-01
1.659609999999999974e-01 -6.357570000000000165e-01 -7.538369999999999793e-01
-5.392270000000000119e-01 -4.231550000000000034e-01 7.281309999999999727e-01
6.386410000000000142e-01 5.318230000000000457e-01 -5.561500000000000332e-01
-9.038640000000000008e-01 3.391640000000000210e-01 2.607630000000000225e-01
-6.875599999999999490e-01 2.526639999999999997e-01 -6.807509999999999950e-01
6.843599999999999683e-02 -9.951710000000000278e-01 7.036699999999999899e-02
2.635330000000000172e-01 -9.206419999999999604e-01 -2.880429999999999935e-01
7.493710000000000093e-01 5.930830000000000268e-01 2.944419999999999815e-01
-6.270449999999999635e-01 -1.787670000000000092e-01 -7.581940000000000346e-01
1.940139999999999920e-01 -6.461120000000000196e-01 7.381720000000000503e-01
9.966019999999999879e-01 -8.207499999999999518e-02 6.987000000000000155e-03
4.633229999999999849e-01 8.778040000000000287e-01 -1.216210000000000069e-01
4.261849999999999805e-01 7.098300000000000443e-02 -9.018469999999999542e-01
-7.997799999999999354e-02 3.055700000000000083e-02 9.963279999999999914e-01
-5.903089999999999726e-01 -5.438840000000000341e-01 -5.964270000000000405e-01
9.858919999999999906e-01 8.593199999999999450e-02 -1.436389999999999889e-01
8.542800000000000393e-01 -8.309999999999999679e-03 -5.197460000000000413e-01
4.672259999999999747e-01 8.182620000000000449e-01 3.348829999999999862e-01
-5.113959999999999617e-01 6.058130000000000459e-01 -6.094789999999999930e-01
4.203999999999999959e-01 8.408649999999999736e-01 -3.408959999999999768e-01
7.950380000000000225e-01 4.087740000000000262e-01 -4.481280000000000263e-01
3.063870000000000204e-01 -8.250319999999999876e-01 -4.748160000000000158e-01
-2.494830000000000103e-01 -7.223239999999999661e-01 -6.449859999999999483e-01
9.105550000000000033e-01 -1.642820000000000114e-01 3.793420000000000125e-01
-5.371499999999999886e-02 -9.633329999999999949e-01 2.628770000000000273e-01
8.115259999999999696e-01 -1.001439999999999969e-01 5.756700000000000150e-01
-3.246530000000000249e-01 3.066070000000000184e-01 8.947589999999999710e-01
-4.838669999999999916e-01 -8.676059999999999883e-01 -1.145999999999999935e-01
2.028129999999999933e-01 3.344960000000000155e-01 -9.203149999999999942e-01
-4.311899999999999761e-02 5.483519999999999506e-01 -8.351349999999999607e-01
7.679200000000000470e-01 -4.939479999999999982e-01 4.078169999999999851e-01
5.383019999999999472e-01 -1.848390000000000033e-01 8.222319999999999629e-01
1.884129999999999971e-01 -9.781389999999999807e-01 -8.799899999999999389e-02
5.775069999999999926e-01 2.196009999999999907e-01 -7.862959999999999949e-01
-9.555879999999999930e-01 2.907549999999999857e-01 4.809299999999999686e-02
3.030760000000000121e-01 9.222909999999999719e-01 2.398399999999999976e-01
9.903530000000000388e-01 1.215880000000000016e-01 6.645800000000000318e-02
3.388970000000000038e-01 -6.900119999999999587e-01 -6.395560000000000134e-01
8.546030000000000015e-01 4.978940000000000032e-01 1.474930000000000130e-01
3.561059999999999781e-01 4.844999999999999862e-01 -7.990300000000000180e-01
-8.573000000000000759e-03 -5.514750000000000485e-01 -8.341480000000000006e-01
-3.989469999999999961e-01 -2.848780000000000201e-01 8.716000000000000414e-01
-3.408619999999999983e-01 5.176209999999999978e-01 7.847819999999999796e-01
-8.980500000000000149e-01 -4.295999999999999819e-02 -4.377909999999999857e-01
-7.133730000000000349e-01 -5.988830000000000542e-01 3.639200000000000212e-01
-6.597150000000000514e-01 7.482539999999999747e-01 -6.994100000000000317e-02
-1.279200000000000059e-01 -8.096959999999999713e-01 5.727379999999999693e-01
1.639230000000000131e-01 -4.408889999999999754e-01 -8.824659999999999727e-01
-9.606090000000000462e-01 2.246289999999999953e-01 -1.636219999999999897e-01
-9.730459999999999665e-01 2.107900000000000051e-02 -2.296439999999999870e-01
3.840100000000000180e-01 -8.805020000000000069e-01 2.779420000000000224e-01
-5.428199999999999692e-02 -3.780100000000000127e-01 -9.242089999999999472e-01
-4.474679999999999769e-01 -2.337889999999999968e-01 -8.632009999999999961e-01
-9.394799999999999818e-01 -4.212899999999999978e-02 3.400050000000000017e-01
7.529569999999999874e-01 6.391259999999999719e-01 -1.567580000000000084e-01
8.993440000000000323e-01 -1.795339999999999991e-01 -3.986830000000000096e-01
2.796980000000000022e-01 9.374209999999999487e-01 -2.073909999999999920e-01
-2.897830000000000128e-01 9.520990000000000286e-01 -9.763600000000000056e-02
7.540289999999999493e-01 6.540709999999999580e-01 6.025900000000000006e-02
-4.580839999999999912e-01 8.335540000000000171e-01 3.087820000000000009e-01
5.945730000000000182e-01 6.289000000000000319e-03 -8.040169999999999817e-01
2.485229999999999939e-01 -8.585000000000000409e-01 4.485689999999999955e-01
4.876519999999999744e-01 -8.689540000000000042e-01 8.434899999999999343e-02
-6.317890000000000450e-01 7.064700000000000424e-01 3.189719999999999778e-01
-8.948549999999999560e-01 4.313629999999999964e-01 -1.147159999999999985e-01
3.155560000000000032e-01 9.486109999999999820e-01 2.370699999999999891e-02
-3.769140000000000268e-01 5.368920000000000359e-01 -7.547730000000000272e-01
-6.740040000000000475e-01 3.788600000000000301e-02 -7.377550000000000496e-01
-3.912780000000000147e-01 9.140869999999999829e-01 1.065230000000000066e-01
8.655059999999999976e-01 3.853050000000000086e-01 3.200620000000000132e-01
-5.034149999999999459e-01 -2.623100000000000084e-02 -8.636470000000000535e-01
2.081369999999999887e-01 8.921510000000000273e-01 -4.009300000000000086e-01
-7.348470000000000280e-01 6.782699999999999840e-02 6.748330000000000162e-01
8.721719999999999473e-01 4.860090000000000243e-01 -5.578400000000000025e-02
-6.274990000000000290e-01 2.276829999999999965e-01 7.445840000000000236e-01
-5.737590000000000190e-01 8.097849999999999770e-01 1.226750000000000063e-01
-8.055989999999999540e-01 3.042239999999999944e-01 -5.083879999999999511e-01
7.508340000000000014e-01 -6.132849999999999691e-01 2.452139999999999875e-01
-8.519360000000000266e-01 -4.566319999999999824e-01 2.563050000000000050e-01
-2.194929999999999937e-01 4.462929999999999953e-01 -8.675519999999999898e-01
-1.145899999999999974e-01 -9.848789999999999489e-01 -1.299299999999999899e-01
-7.324060000000000015e-01 6.675870000000000415e-01 1.338290000000000035e-01
7.347679999999999767e-01 1.376120000000000121e-01 -6.642130000000000534e-01
-8.636599999999999833e-02 -1.657849999999999879e-01 -9.823730000000000517e-01
5.425400000000000222e-01 7.031800000000000272e-01 -4.595529999999999893e-01
-5.478399999999999936e-02 9.706420000000000048e-01 2.342049999999999965e-01
-2.065359999999999974e-01 -5.594620000000000148e-01 -8.027109999999999523e-01
8.030739999999999545e-01 -3.968289999999999873e-01 -4.445200000000000262e-01
7.779310000000000391e-01 1.108529999999999932e-01 6.184939999999999882e-01
6.635900000000000132e-01 -4.077740000000000253e-01 -6.271910000000000540e-01
1.102810000000000040e-01 -7.904200000000000115e-01 6.025570000000000093e-01
5.377650000000000485e-01 -4.003320000000000212e-01 7.419860000000000344e-01
-5.473710000000000520e-01 -3.915690000000000004e-01 -7.396340000000000137e-01
-3.023870000000000169e-01 -9.611200000000000299e-02 -9.483270000000000310e-01
-8.367499999999999938e-02 -8.368400000000000283e-01 -5.410150000000000237e-01
4.744899999999999812e-02 7.085040000000000227e-01 7.041100000000000136e-01
-2.825400000000000134e-01 9.254800000000000526e-02 9.547809999999999908e-01
-8.794020000000000170e-01 3.664819999999999744e-01 -3.038810000000000122e-01
-6.655250000000000332e-01 4.597510000000000208e-01 -5.879680000000000462e-01
-0.000000000000000000e+00 0.000000000000000000e+00 1.000000000000000000e+00
1.745240643728351165e-02 0.000000000000000000e+00 9.998476951563912696e-01
8.726203218641757561e-03 1.511422733185858840e-02 9.998476951563912696e-01
-8.726203218641752357e-03 1.511422733185859013e-02 9.998476951563912696e-01
3.489949670250096919e-02 0.000000000000000000e+00 9.993908270190957621e-01
1.744974835125048807e-02 3.022385072365708567e-02 9.993908270190957621e-01
-1.744974835125047766e-02 3.022385072365708913e-02 9.993908270190957621e-01
5.233595624294383464e-02 0.000000000000000000e+00 9.986295347545738332e-01
2.616797812147192426e-02 4.532426763774014683e-02 9.986295347545738332e-01
-2.616797812147190691e-02 4.532426763774014683e-02 9.986295347545738332e-01
6.975647374412530244e-02 0.000000000000000000e+00 9.975640502598241977e-01
3.487823687206265816e-02 6.041087834083470193e-02 9.975640502598241977e-01
-3.487823687206263734e-02 6.041087834083470887e-02 9.975640502598241977e-01
8.715574274765816587e-02 0.000000000000000000e+00 9.961946980917455452e-01
4.357787137382908987e-02 7.547908730517331743e-02 9.961946980917455452e-01
-4.357787137382906212e-02 7.547908730517333131e-02 9.961946980917455452e-01
1.045284632676534708e-01 0.000000000000000000e+00 9.945218953682732899e-01
5.226423163382674930e-02 9.052430460833645054e-02 9.945218953682732899e-01
-5.226423163382671461e-02 9.052430460833646442e-02 9.945218953682732899e-01
1.218693434051474761e-01 0.000000000000000000e+00 9.925461516413219831e-01
6.093467170257375193e-02 1.055419473313872480e-01 9.925461516413219831e-01
-6.093467170257371029e-02 1.055419473313872619e-01 9.925461516413219831e-01
1.391731009600654378e-01 0.000000000000000000e+00 9.902680687415703620e-01
6.958655048003273280e-02 1.205274409548731107e-01 9.902680687415703620e-01
-6.958655048003269117e-02 1.205274409548731246e-01 9.902680687415703620e-01
1.564344650402308690e-01 0.000000000000000000e+00 9.876883405951377704e-01
7.821723252011544836e-02 1.354762207522685891e-01 9.876883405951377704e-01
-7.821723252011539285e-02 1.354762207522685891e-01 9.876883405951377704e-01
