0.7141059134453311
0.6491871940396291
0.5950882612079078
0.5493122411109627
0.5100756524596529
0.6788455578868848
0.6171323253531092
0.565704631572391
0.5221888906814295
0.4848896842042896
0.714079092817792
0.6491628116527258
0.5950659106818543
0.549291609860386
0.5100564948697852
0.4977029388389088
0.4524572171238814
0.4147524490345544
0.38284841449240414
0.3555020991726814
0.48370068335661204
0.4397278939596497
0.4030839027946993
0.37207744873797505
0.34550048810990097
0.5818854694970333
0.5289867904518704
0.4849045579141437
0.4476042073057532
0.41563247821247773
0.5964878857234848
0.5422617142942339
0.49707323810320553
0.45883683517121754
0.4260627755151192
0.5869462652165333
0.5335875138324412
0.4891218876799292
0.4514971270889583
0.41924733229746936
0.4823742342656151
0.4385220311478984
0.40197852855247673
0.3710571032806814
0.3445530244753946
0.5565373648315076
0.5059430589346644
0.46378113735704857
0.42810566525435867
0.397526689165311
0.5983336089323407
0.5439396444848167
0.49861134077672303
0.46025662225452346
0.42738114923801857
0.497692343384287
0.4524475848956506
0.4147436194861895
0.382840264142695
0.35549453098854944
0.5341217161755417
0.4855651965214221
0.44510143014712183
0.4108628585976254
0.3815155115548088
0.6788455578868848
0.6171323253490513
0.5657046315759525
0.522188890684588
0.4848896842042896
0.48370068335661204
0.4397278939596497
0.40308390279721956
0.37207744873573984
0.3455004881119009
0.5818854694970333
0.5289867904531804
0.48490455791184434
0.44760420730677286
0.4156324782143025
0.5964878857234848
0.542261714291936
0.49707323810219717
0.45883683517121754
0.4260627755151192
0.5869051690121512
0.5335501536447895
0.48908764084456774
0.4514655146240491
0.4192179778670563
0.5091677740184058
0.4628797945612326
0.4243064783487166
0.3916675184755751
0.3636912671560412
0.5678720987019453
0.5162473624547725
0.4732267489184876
0.4368246913103341
0.40562292764451713
0.598309610552376
0.5439178277757578
0.49859134212675243
0.46023816196437867
0.42736400753804377
0.5366365429815559
0.4878514027104945
0.44719711915211974
0.41279734075425
0.38331181641531703