7.141059134453311419e-01 3.000000000000000000e+00 0.000000000000000000e+00
7.141059134453311419e-01 9.000000000000000000e+00 0.000000000000000000e+00
7.141059134453311419e-01 1.600000000000000000e+01 0.000000000000000000e+00
7.141059134453311419e-01 3.000000000000000000e+00 1.000000000000000000e+00
7.141059134453311419e-01 9.000000000000000000e+00 3.000000000000000000e+00
7.141059134453311419e-01 1.600000000000000000e+01 5.333333333333333037e+00
7.141059134453311419e-01 3.000000000000000000e+00 2.000000000000000000e+00
7.141059134453311419e-01 9.000000000000000000e+00 6.000000000000000000e+00
7.141059134453311419e-01 1.600000000000000000e+01 1.066666666666666607e+01
6.491871940396291008e-01 3.000000000000000000e+00 0.000000000000000000e+00
6.491871940396291008e-01 9.000000000000000000e+00 0.000000000000000000e+00
6.491871940396291008e-01 1.600000000000000000e+01 0.000000000000000000e+00
6.491871940396291008e-01 3.000000000000000000e+00 1.000000000000000000e+00
6.491871940396291008e-01 9.000000000000000000e+00 3.000000000000000000e+00
6.491871940396291008e-01 1.600000000000000000e+01 5.333333333333333037e+00
6.491871940396291008e-01 3.000000000000000000e+00 2.000000000000000000e+00
6.491871940396291008e-01 9.000000000000000000e+00 6.000000000000000000e+00
6.491871940396291008e-01 1.600000000000000000e+01 1.066666666666666607e+01
5.950882612079078093e-01 3.000000000000000000e+00 0.000000000000000000e+00
5.950882612079078093e-01 9.000000000000000000e+00 0.000000000000000000e+00
5.950882612079078093e-01 1.600000000000000000e+01 0.000000000000000000e+00
5.950882612079078093e-01 3.000000000000000000e+00 1.000000000000000000e+00
5.950882612079078093e-01 9.000000000000000000e+00 3.000000000000000000e+00
5.950882612079078093e-01 1.600000000000000000e+01 5.333333333333333037e+00
5.950882612079078093e-01 3.000000000000000000e+00 2.000000000000000000e+00
5.950882612079078093e-01 9.000000000000000000e+00 6.000000000000000000e+00
5.950882612079078093e-01 1.600000000000000000e+01 1.066666666666666607e+01
5.493122411109626624e-01 3.000000000000000000e+00 0.000000000000000000e+00
5.493122411109626624e-01 9.000000000000000000e+00 0.000000000000000000e+00
5.493122411109626624e-01 1.600000000000000000e+01 0.000000000000000000e+00
5.493122411109626624e-01 3.000000000000000000e+00 1.000000000000000000e+00
5.493122411109626624e-01 9.000000000000000000e+00 3.000000000000000000e+00
5.493122411109626624e-01 1.600000000000000000e+01 5.333333333333333037e+00
5.493122411109626624e-01 3.000000000000000000e+00 2.000000000000000000e+00
5.493122411109626624e-01 9.000000000000000000e+00 6.000000000000000000e+00
5.493122411109626624e-01 1.600000000000000000e+01 1.066666666666666607e+01
5.100756524596529173e-01 3.000000000000000000e+00 0.000000000000000000e+00
5.100756524596529173e-01 9.000000000000000000e+00 0.000000000000000000e+00
5.100756524596529173e-01 1.600000000000000000e+01 0.000000000000000000e+00
5.100756524596529173e-01 3.000000000000000000e+00 1.000000000000000000e+00
5.100756524596529173e-01 9.000000000000000000e+00 3.000000000000000000e+00
5.100756524596529173e-01 1.600000000000000000e+01 5.333333333333333037e+00
5.100756524596529173e-01 3.000000000000000000e+00 2.000000000000000000e+00
5.100756524596529173e-01 9.000000000000000000e+00 6.000000000000000000e+00
5.100756524596529173e-01 1.600000000000000000e+01 1.066666666666666607e+01
6.788455578868848317e-01 3.000000000000000000e+00 0.000000000000000000e+00
6.788455578868848317e-01 9.000000000000000000e+00 0.000000000000000000e+00
6.788455578868848317e-01 1.600000000000000000e+01 0.000000000000000000e+00
6.788455578868848317e-01 3.000000000000000000e+00 1.000000000000000000e+00
6.788455578868848317e-01 9.000000000000000000e+00 3.000000000000000000e+00
6.788455578868848317e-01 1.600000000000000000e+01 5.333333333333333037e+00
6.788455578868848317e-01 3.000000000000000000e+00 2.000000000000000000e+00
6.788455578868848317e-01 9.000000000000000000e+00 6.000000000000000000e+00
6.788455578868848317e-01 1.600000000000000000e+01 1.066666666666666607e+01
6.171323253531092456e-01 3.000000000000000000e+00 0.000000000000000000e+00
6.171323253531092456e-01 9.000000000000000000e+00 0.000000000000000000e+00
6.171323253531092456e-01 1.600000000000000000e+01 0.000000000000000000e+00
6.171323253531092456e-01 3.000000000000000000e+00 1.000000000000000000e+00
6.171323253531092456e-01 9.000000000000000000e+00 3.000000000000000000e+00
6.171323253531092456e-01 1.600000000000000000e+01 5.333333333333333037e+00
6.171323253531092456e-01 3.000000000000000000e+00 2.000000000000000000e+00
6.171323253531092456e-01 9.000000000000000000e+00 6.000000000000000000e+00
6.171323253531092456e-01 1.600000000000000000e+01 1.066666666666666607e+01
5.657046315723910368e-01 3.000000000000000000e+00 0.000000000000000000e+00
5.657046315723910368e-01 9.000000000000000000e+00 0.000000000000000000e+00
5.657046315723910368e-01 1.600000000000000000e+01 0.000000000000000000e+00
5.657046315723910368e-01 3.000000000000000000e+00 1.000000000000000000e+00
5.657046315723910368e-01 9.000000000000000000e+00 3.000000000000000000e+00
5.657046315723910368e-01 1.600000000000000000e+01 5.333333333333333037e+00
5.657046315723910368e-01 3.000000000000000000e+00 2.000000000000000000e+00
5.657046315723910368e-01 9.000000000000000000e+00 6.000000000000000000e+00
5.657046315723910368e-01 1.600000000000000000e+01 1.066666666666666607e+01
5.221888906814294851e-01 3.000000000000000000e+00 0.000000000000000000e+00
5.221888906814294851e-01 9.000000000000000000e+00 0.000000000000000000e+00
5.221888906814294851e-01 1.600000000000000000e+01 0.000000000000000000e+00
5.221888906814294851e-01 3.000000000000000000e+00 1.000000000000000000e+00
5.221888906814294851e-01 9.000000000000000000e+00 3.000000000000000000e+00
5.221888906814294851e-01 1.600000000000000000e+01 5.333333333333333037e+00
5.221888906814294851e-01 3.000000000000000000e+00 2.000000000000000000e+00
5.221888906814294851e-01 9.000000000000000000e+00 6.000000000000000000e+00
5.221888906814294851e-01 1.600000000000000000e+01 1.066666666666666607e+01
4.848896842042895727e-01 3.000000000000000000e+00 0.000000000000000000e+00
4.848896842042895727e-01 9.000000000000000000e+00 0.000000000000000000e+00
4.848896842042895727e-01 1.600000000000000000e+01 0.000000000000000000e+00
4.848896842042895727e-01 3.000000000000000000e+00 1.000000000000000000e+00
4.848896842042895727e-01 9.000000000000000000e+00 3.000000000000000000e+00
4.848896842042895727e-01 1.600000000000000000e+01 5.333333333333333037e+00
4.848896842042895727e-01 3.000000000000000000e+00 2.000000000000000000e+00
4.848896842042895727e-01 9.000000000000000000e+00 6.000000000000000000e+00
4.848896842042895727e-01 1.600000000000000000e+01 1.066666666666666607e+01
7.140790928177920271e-01 3.000000000000000000e+00 0.000000000000000000e+00
7.140790928177920271e-01 9.000000000000000000e+00 0.000000000000000000e+00
7.140790928177920271e-01 1.600000000000000000e+01 0.000000000000000000e+00
7.140790928177920271e-01 3.000000000000000000e+00 1.000000000000000000e+00
7.140790928177920271e-01 9.000000000000000000e+00 3.000000000000000000e+00
7.140790928177920271e-01 1.600000000000000000e+01 5.333333333333333037e+00
7.140790928177920271e-01 3.000000000000000000e+00 2.000000000000000000e+00
7.140790928177920271e-01 9.000000000000000000e+00 6.000000000000000000e+00
7.140790928177920271e-01 1.600000000000000000e+01 1.066666666666666607e+01
6.491628116527258241e-01 3.000000000000000000e+00 0.000000000000000000e+00
6.491628116527258241e-01 9.000000000000000000e+00 0.000000000000000000e+00
6.491628116527258241e-01 1.600000000000000000e+01 0.000000000000000000e+00
6.491628116527258241e-01 3.000000000000000000e+00 1.000000000000000000e+00
6.491628116527258241e-01 9.000000000000000000e+00 3.000000000000000000e+00
6.491628116527258241e-01 1.600000000000000000e+01 5.333333333333333037e+00
6.491628116527258241e-01 3.000000000000000000e+00 2.000000000000000000e+00
6.491628116527258241e-01 9.000000000000000000e+00 6.000000000000000000e+00
6.491628116527258241e-01 1.600000000000000000e+01 1.066666666666666607e+01
5.950659106818543265e-01 3.000000000000000000e+00 0.000000000000000000e+00
5.950659106818543265e-01 9.000000000000000000e+00 0.000000000000000000e+00
5.950659106818543265e-01 1.600000000000000000e+01 0.000000000000000000e+00
5.950659106818543265e-01 3.000000000000000000e+00 1.000000000000000000e+00
5.950659106818543265e-01 9.000000000000000000e+00 3.000000000000000000e+00
5.950659106818543265e-01 1.600000000000000000e+01 5.333333333333333037e+00
5.950659106818543265e-01 3.000000000000000000e+00 2.000000000000000000e+00
5.950659106818543265e-01 9.000000000000000000e+00 6.000000000000000000e+00
5.950659106818543265e-01 1.600000000000000000e+01 1.066666666666666607e+01
5.492916098603860542e-01 3.000000000000000000e+00 0.000000000000000000e+00
5.492916098603860542e-01 9.000000000000000000e+00 0.000000000000000000e+00
5.492916098603860542e-01 1.600000000000000000e+01 0.000000000000000000e+00
5.492916098603860542e-01 3.000000000000000000e+00 1.000000000000000000e+00
5.492916098603860542e-01 9.000000000000000000e+00 3.000000000000000000e+00
5.492916098603860542e-01 1.600000000000000000e+01 5.333333333333333037e+00
5.492916098603860542e-01 3.000000000000000000e+00 2.000000000000000000e+00
5.492916098603860542e-01 9.000000000000000000e+00 6.000000000000000000e+00
5.492916098603860542e-01 1.600000000000000000e+01 1.066666666666666607e+01
5.100564948697852152e-01 3.000000000000000000e+00 0.000000000000000000e+00
5.100564948697852152e-01 9.000000000000000000e+00 0.000000000000000000e+00
5.100564948697852152e-01 1.600000000000000000e+01 0.000000000000000000e+00
5.100564948697852152e-01 3.000000000000000000e+00 1.000000000000000000e+00
5.100564948697852152e-01 9.000000000000000000e+00 3.000000000000000000e+00
5.100564948697852152e-01 1.600000000000000000e+01 5.333333333333333037e+00
5.100564948697852152e-01 3.000000000000000000e+00 2.000000000000000000e+00
5.100564948697852152e-01 9.000000000000000000e+00 6.000000000000000000e+00
5.100564948697852152e-01 1.600000000000000000e+01 1.066666666666666607e+01
4.977029388389088149e-01 3.000000000000000000e+00 0.000000000000000000e+00
4.977029388389088149e-01 9.000000000000000000e+00 0.000000000000000000e+00
4.977029388389088149e-01 1.600000000000000000e+01 0.000000000000000000e+00
4.977029388389088149e-01 3.000000000000000000e+00 1.000000000000000000e+00
4.977029388389088149e-01 9.000000000000000000e+00 3.000000000000000000e+00
4.977029388389088149e-01 1.600000000000000000e+01 5.333333333333333037e+00
4.977029388389088149e-01 3.000000000000000000e+00 2.000000000000000000e+00
4.977029388389088149e-01 9.000000000000000000e+00 6.000000000000000000e+00
4.977029388389088149e-01 1.600000000000000000e+01 1.066666666666666607e+01
4.524572171238813723e-01 3.000000000000000000e+00 0.000000000000000000e+00
4.524572171238813723e-01 9.000000000000000000e+00 0.000000000000000000e+00
4.524572171238813723e-01 1.600000000000000000e+01 0.000000000000000000e+00
4.524572171238813723e-01 3.000000000000000000e+00 1.000000000000000000e+00
4.524572171238813723e-01 9.000000000000000000e+00 3.000000000000000000e+00
4.524572171238813723e-01 1.600000000000000000e+01 5.333333333333333037e+00
4.524572171238813723e-01 3.000000000000000000e+00 2.000000000000000000e+00
4.524572171238813723e-01 9.000000000000000000e+00 6.000000000000000000e+00
4.524572171238813723e-01 1.600000000000000000e+01 1.066666666666666607e+01
4.147524490345543824e-01 3.000000000000000000e+00 0.000000000000000000e+00
4.147524490345543824e-01 9.000000000000000000e+00 0.000000000000000000e+00
4.147524490345543824e-01 1.600000000000000000e+01 0.000000000000000000e+00
4.147524490345543824e-01 3.000000000000000000e+00 1.000000000000000000e+00
4.147524490345543824e-01 9.000000000000000000e+00 3.000000000000000000e+00
4.147524490345543824e-01 1.600000000000000000e+01 5.333333333333333037e+00
4.147524490345543824e-01 3.000000000000000000e+00 2.000000000000000000e+00
4.147524490345543824e-01 9.000000000000000000e+00 6.000000000000000000e+00
4.147524490345543824e-01 1.600000000000000000e+01 1.066666666666666607e+01
3.828484144924041432e-01 3.000000000000000000e+00 0.000000000000000000e+00
3.828484144924041432e-01 9.000000000000000000e+00 0.000000000000000000e+00
3.828484144924041432e-01 1.600000000000000000e+01 0.000000000000000000e+00
3.828484144924041432e-01 3.000000000000000000e+00 1.000000000000000000e+00
3.828484144924041432e-01 9.000000000000000000e+00 3.000000000000000000e+00
3.828484144924041432e-01 1.600000000000000000e+01 5.333333333333333037e+00
3.828484144924041432e-01 3.000000000000000000e+00 2.000000000000000000e+00
3.828484144924041432e-01 9.000000000000000000e+00 6.000000000000000000e+00
3.828484144924041432e-01 1.600000000000000000e+01 1.066666666666666607e+01
3.555020991726813850e-01 3.000000000000000000e+00 0.000000000000000000e+00
3.555020991726813850e-01 9.000000000000000000e+00 0.000000000000000000e+00
3.555020991726813850e-01 1.600000000000000000e+01 0.000000000000000000e+00
3.555020991726813850e-01 3.000000000000000000e+00 1.000000000000000000e+00
3.555020991726813850e-01 9.000000000000000000e+00 3.000000000000000000e+00
3.555020991726813850e-01 1.600000000000000000e+01 5.333333333333333037e+00
3.555020991726813850e-01 3.000000000000000000e+00 2.000000000000000000e+00
3.555020991726813850e-01 9.000000000000000000e+00 6.000000000000000000e+00
3.555020991726813850e-01 1.600000000000000000e+01 1.066666666666666607e+01
4.837006833566120378e-01 3.000000000000000000e+00 0.000000000000000000e+00
4.837006833566120378e-01 9.000000000000000000e+00 0.000000000000000000e+00
4.837006833566120378e-01 1.600000000000000000e+01 0.000000000000000000e+00
4.837006833566120378e-01 3.000000000000000000e+00 1.000000000000000000e+00
4.837006833566120378e-01 9.000000000000000000e+00 3.000000000000000000e+00
4.837006833566120378e-01 1.600000000000000000e+01 5.333333333333333037e+00
4.837006833566120378e-01 3.000000000000000000e+00 2.000000000000000000e+00
4.837006833566120378e-01 9.000000000000000000e+00 6.000000000000000000e+00
4.837006833566120378e-01 1.600000000000000000e+01 1.066666666666666607e+01
4.397278939596496738e-01 3.000000000000000000e+00 0.000000000000000000e+00
4.397278939596496738e-01 9.000000000000000000e+00 0.000000000000000000e+00
4.397278939596496738e-01 1.600000000000000000e+01 0.000000000000000000e+00
4.397278939596496738e-01 3.000000000000000000e+00 1.000000000000000000e+00
4.397278939596496738e-01 9.000000000000000000e+00 3.000000000000000000e+00
4.397278939596496738e-01 1.600000000000000000e+01 5.333333333333333037e+00
4.397278939596496738e-01 3.000000000000000000e+00 2.000000000000000000e+00
4.397278939596496738e-01 9.000000000000000000e+00 6.000000000000000000e+00
4.397278939596496738e-01 1.600000000000000000e+01 1.066666666666666607e+01
4.030839027946993003e-01 3.000000000000000000e+00 0.000000000000000000e+00
4.030839027946993003e-01 9.000000000000000000e+00 0.000000000000000000e+00
4.030839027946993003e-01 1.600000000000000000e+01 0.000000000000000000e+00
4.030839027946993003e-01 3.000000000000000000e+00 1.000000000000000000e+00
4.030839027946993003e-01 9.000000000000000000e+00 3.000000000000000000e+00
4.030839027946993003e-01 1.600000000000000000e+01 5.333333333333333037e+00
4.030839027946993003e-01 3.000000000000000000e+00 2.000000000000000000e+00
4.030839027946993003e-01 9.000000000000000000e+00 6.000000000000000000e+00
4.030839027946993003e-01 1.600000000000000000e+01 1.066666666666666607e+01
3.720774487379750473e-01 3.000000000000000000e+00 0.000000000000000000e+00
3.720774487379750473e-01 9.000000000000000000e+00 0.000000000000000000e+00
3.720774487379750473e-01 1.600000000000000000e+01 0.000000000000000000e+00
3.720774487379750473e-01 3.000000000000000000e+00 1.000000000000000000e+00
3.720774487379750473e-01 9.000000000000000000e+00 3.000000000000000000e+00
3.720774487379750473e-01 1.600000000000000000e+01 5.333333333333333037e+00
3.720774487379750473e-01 3.000000000000000000e+00 2.000000000000000000e+00
3.720774487379750473e-01 9.000000000000000000e+00 6.000000000000000000e+00
3.720774487379750473e-01 1.600000000000000000e+01 1.066666666666666607e+01
3.455004881099009717e-01 3.000000000000000000e+00 0.000000000000000000e+00
3.455004881099009717e-01 9.000000000000000000e+00 0.000000000000000000e+00
3.455004881099009717e-01 1.600000000000000000e+01 0.000000000000000000e+00
3.455004881099009717e-01 3.000000000000000000e+00 1.000000000000000000e+00
3.455004881099009717e-01 9.000000000000000000e+00 3.000000000000000000e+00
3.455004881099009717e-01 1.600000000000000000e+01 5.333333333333333037e+00
3.455004881099009717e-01 3.000000000000000000e+00 2.000000000000000000e+00
3.455004881099009717e-01 9.000000000000000000e+00 6.000000000000000000e+00
3.455004881099009717e-01 1.600000000000000000e+01 1.066666666666666607e+01
5.818854694970333474e-01 3.000000000000000000e+00 0.000000000000000000e+00
5.818854694970333474e-01 9.000000000000000000e+00 0.000000000000000000e+00
5.818854694970333474e-01 1.600000000000000000e+01 0.000000000000000000e+00
5.818854694970333474e-01 3.000000000000000000e+00 1.000000000000000000e+00
5.818854694970333474e-01 9.000000000000000000e+00 3.000000000000000000e+00
5.818854694970333474e-01 1.600000000000000000e+01 5.333333333333333037e+00
5.818854694970333474e-01 3.000000000000000000e+00 2.000000000000000000e+00
5.818854694970333474e-01 9.000000000000000000e+00 6.000000000000000000e+00
5.818854694970333474e-01 1.600000000000000000e+01 1.066666666666666607e+01
5.289867904518703590e-01 3.000000000000000000e+00 0.000000000000000000e+00
5.289867904518703590e-01 9.000000000000000000e+00 0.000000000000000000e+00
5.289867904518703590e-01 1.600000000000000000e+01 0.000000000000000000e+00
5.289867904518703590e-01 3.000000000000000000e+00 1.000000000000000000e+00
5.289867904518703590e-01 9.000000000000000000e+00 3.000000000000000000e+00
5.289867904518703590e-01 1.600000000000000000e+01 5.333333333333333037e+00
5.289867904518703590e-01 3.000000000000000000e+00 2.000000000000000000e+00
5.289867904518703590e-01 9.000000000000000000e+00 6.000000000000000000e+00
5.289867904518703590e-01 1.600000000000000000e+01 1.066666666666666607e+01
4.849045579141437190e-01 3.000000000000000000e+00 0.000000000000000000e+00
4.849045579141437190e-01 9.000000000000000000e+00 0.000000000000000000e+00
4.849045579141437190e-01 1.600000000000000000e+01 0.000000000000000000e+00
4.849045579141437190e-01 3.000000000000000000e+00 1.000000000000000000e+00
4.849045579141437190e-01 9.000000000000000000e+00 3.000000000000000000e+00
4.849045579141437190e-01 1.600000000000000000e+01 5.333333333333333037e+00
4.849045579141437190e-01 3.000000000000000000e+00 2.000000000000000000e+00
4.849045579141437190e-01 9.000000000000000000e+00 6.000000000000000000e+00
4.849045579141437190e-01 1.600000000000000000e+01 1.066666666666666607e+01
4.476042073057531767e-01 3.000000000000000000e+00 0.000000000000000000e+00
4.476042073057531767e-01 9.000000000000000000e+00 0.000000000000000000e+00
4.476042073057531767e-01 1.600000000000000000e+01 0.000000000000000000e+00
4.476042073057531767e-01 3.000000000000000000e+00 1.000000000000000000e+00
4.476042073057531767e-01 9.000000000000000000e+00 3.000000000000000000e+00
4.476042073057531767e-01 1.600000000000000000e+01 5.333333333333333037e+00
4.476042073057531767e-01 3.000000000000000000e+00 2.000000000000000000e+00
4.476042073057531767e-01 9.000000000000000000e+00 6.000000000000000000e+00
4.476042073057531767e-01 1.600000000000000000e+01 1.066666666666666607e+01
4.156324782124777295e-01 3.000000000000000000e+00 0.000000000000000000e+00
4.156324782124777295e-01 9.000000000000000000e+00 0.000000000000000000e+00
4.156324782124777295e-01 1.600000000000000000e+01 0.000000000000000000e+00
4.156324782124777295e-01 3.000000000000000000e+00 1.000000000000000000e+00
4.156324782124777295e-01 9.000000000000000000e+00 3.000000000000000000e+00
4.156324782124777295e-01 1.600000000000000000e+01 5.333333333333333037e+00
4.156324782124777295e-01 3.000000000000000000e+00 2.000000000000000000e+00
4.156324782124777295e-01 9.000000000000000000e+00 6.000000000000000000e+00
4.156324782124777295e-01 1.600000000000000000e+01 1.066666666666666607e+01
5.964878857234847676e-01 3.000000000000000000e+00 0.000000000000000000e+00
5.964878857234847676e-01 9.000000000000000000e+00 0.000000000000000000e+00
5.964878857234847676e-01 1.600000000000000000e+01 0.000000000000000000e+00
5.964878857234847676e-01 3.000000000000000000e+00 1.000000000000000000e+00
5.964878857234847676e-01 9.000000000000000000e+00 3.000000000000000000e+00
5.964878857234847676e-01 1.600000000000000000e+01 5.333333333333333037e+00
5.964878857234847676e-01 3.000000000000000000e+00 2.000000000000000000e+00
5.964878857234847676e-01 9.000000000000000000e+00 6.000000000000000000e+00
5.964878857234847676e-01 1.600000000000000000e+01 1.066666666666666607e+01
5.422617142942338653e-01 3.000000000000000000e+00 0.000000000000000000e+00
5.422617142942338653e-01 9.000000000000000000e+00 0.000000000000000000e+00
5.422617142942338653e-01 1.600000000000000000e+01 0.000000000000000000e+00
5.422617142942338653e-01 3.000000000000000000e+00 1.000000000000000000e+00
5.422617142942338653e-01 9.000000000000000000e+00 3.000000000000000000e+00
5.422617142942338653e-01 1.600000000000000000e+01 5.333333333333333037e+00
5.422617142942338653e-01 3.000000000000000000e+00 2.000000000000000000e+00
5.422617142942338653e-01 9.000000000000000000e+00 6.000000000000000000e+00
5.422617142942338653e-01 1.600000000000000000e+01 1.066666666666666607e+01
4.970732381032055280e-01 3.000000000000000000e+00 0.000000000000000000e+00
4.970732381032055280e-01 9.000000000000000000e+00 0.000000000000000000e+00
4.970732381032055280e-01 1.600000000000000000e+01 0.000000000000000000e+00
4.970732381032055280e-01 3.000000000000000000e+00 1.000000000000000000e+00
4.970732381032055280e-01 9.000000000000000000e+00 3.000000000000000000e+00
4.970732381032055280e-01 1.600000000000000000e+01 5.333333333333333037e+00
4.970732381032055280e-01 3.000000000000000000e+00 2.000000000000000000e+00
4.970732381032055280e-01 9.000000000000000000e+00 6.000000000000000000e+00
4.970732381032055280e-01 1.600000000000000000e+01 1.066666666666666607e+01
4.588368351712175386e-01 3.000000000000000000e+00 0.000000000000000000e+00
4.588368351712175386e-01 9.000000000000000000e+00 0.000000000000000000e+00
4.588368351712175386e-01 1.600000000000000000e+01 0.000000000000000000e+00
4.588368351712175386e-01 3.000000000000000000e+00 1.000000000000000000e+00
4.588368351712175386e-01 9.000000000000000000e+00 3.000000000000000000e+00
4.588368351712175386e-01 1.600000000000000000e+01 5.333333333333333037e+00
4.588368351712175386e-01 3.000000000000000000e+00 2.000000000000000000e+00
4.588368351712175386e-01 9.000000000000000000e+00 6.000000000000000000e+00
4.588368351712175386e-01 1.600000000000000000e+01 1.066666666666666607e+01
4.260627755151191742e-01 3.000000000000000000e+00 0.000000000000000000e+00
4.260627755151191742e-01 9.000000000000000000e+00 0.000000000000000000e+00
4.260627755151191742e-01 1.600000000000000000e+01 0.000000000000000000e+00
4.260627755151191742e-01 3.000000000000000000e+00 1.000000000000000000e+00
4.260627755151191742e-01 9.000000000000000000e+00 3.000000000000000000e+00
4.260627755151191742e-01 1.600000000000000000e+01 5.333333333333333037e+00
4.260627755151191742e-01 3.000000000000000000e+00 2.000000000000000000e+00
4.260627755151191742e-01 9.000000000000000000e+00 6.000000000000000000e+00
4.260627755151191742e-01 1.600000000000000000e+01 1.066666666666666607e+01
5.869462652165332583e-01 3.000000000000000000e+00 0.000000000000000000e+00
5.869462652165332583e-01 9.000000000000000000e+00 0.000000000000000000e+00
5.869462652165332583e-01 1.600000000000000000e+01 0.000000000000000000e+00
5.869462652165332583e-01 3.000000000000000000e+00 1.000000000000000000e+00
5.869462652165332583e-01 9.000000000000000000e+00 3.000000000000000000e+00
5.869462652165332583e-01 1.600000000000000000e+01 5.333333333333333037e+00
5.869462652165332583e-01 3.000000000000000000e+00 2.000000000000000000e+00
5.869462652165332583e-01 9.000000000000000000e+00 6.000000000000000000e+00
5.869462652165332583e-01 1.600000000000000000e+01 1.066666666666666607e+01
5.335875138324411848e-01 3.000000000000000000e+00 0.000000000000000000e+00
5.335875138324411848e-01 9.000000000000000000e+00 0.000000000000000000e+00
5.335875138324411848e-01 1.600000000000000000e+01 0.000000000000000000e+00
5.335875138324411848e-01 3.000000000000000000e+00 1.000000000000000000e+00
5.335875138324411848e-01 9.000000000000000000e+00 3.000000000000000000e+00
5.335875138324411848e-01 1.600000000000000000e+01 5.333333333333333037e+00
5.335875138324411848e-01 3.000000000000000000e+00 2.000000000000000000e+00
5.335875138324411848e-01 9.000000000000000000e+00 6.000000000000000000e+00
5.335875138324411848e-01 1.600000000000000000e+01 1.066666666666666607e+01
4.891218876799292015e-01 3.000000000000000000e+00 0.000000000000000000e+00
4.891218876799292015e-01 9.000000000000000000e+00 0.000000000000000000e+00
4.891218876799292015e-01 1.600000000000000000e+01 0.000000000000000000e+00
4.891218876799292015e-01 3.000000000000000000e+00 1.000000000000000000e+00
4.891218876799292015e-01 9.000000000000000000e+00 3.000000000000000000e+00
4.891218876799292015e-01 1.600000000000000000e+01 5.333333333333333037e+00
4.891218876799292015e-01 3.000000000000000000e+00 2.000000000000000000e+00
4.891218876799292015e-01 9.000000000000000000e+00 6.000000000000000000e+00
4.891218876799292015e-01 1.600000000000000000e+01 1.066666666666666607e+01
4.514971270889582833e-01 3.000000000000000000e+00 0.000000000000000000e+00
4.514971270889582833e-01 9.000000000000000000e+00 0.000000000000000000e+00
4.514971270889582833e-01 1.600000000000000000e+01 0.000000000000000000e+00
4.514971270889582833e-01 3.000000000000000000e+00 1.000000000000000000e+00
4.514971270889582833e-01 9.000000000000000000e+00 3.000000000000000000e+00
4.514971270889582833e-01 1.600000000000000000e+01 5.333333333333333037e+00
4.514971270889582833e-01 3.000000000000000000e+00 2.000000000000000000e+00
4.514971270889582833e-01 9.000000000000000000e+00 6.000000000000000000e+00
4.514971270889582833e-01 1.600000000000000000e+01 1.066666666666666607e+01
4.192473322974693550e-01 3.000000000000000000e+00 0.000000000000000000e+00
4.192473322974693550e-01 9.000000000000000000e+00 0.000000000000000000e+00
4.192473322974693550e-01 1.600000000000000000e+01 0.000000000000000000e+00
4.192473322974693550e-01 3.000000000000000000e+00 1.000000000000000000e+00
4.192473322974693550e-01 9.000000000000000000e+00 3.000000000000000000e+00
4.192473322974693550e-01 1.600000000000000000e+01 5.333333333333333037e+00
4.192473322974693550e-01 3.000000000000000000e+00 2.000000000000000000e+00
4.192473322974693550e-01 9.000000000000000000e+00 6.000000000000000000e+00
4.192473322974693550e-01 1.600000000000000000e+01 1.066666666666666607e+01
4.823742342656150983e-01 3.000000000000000000e+00 0.000000000000000000e+00
4.823742342656150983e-01 9.000000000000000000e+00 0.000000000000000000e+00
4.823742342656150983e-01 1.600000000000000000e+01 0.000000000000000000e+00
4.823742342656150983e-01 3.000000000000000000e+00 1.000000000000000000e+00
4.823742342656150983e-01 9.000000000000000000e+00 3.000000000000000000e+00
4.823742342656150983e-01 1.600000000000000000e+01 5.333333333333333037e+00
4.823742342656150983e-01 3.000000000000000000e+00 2.000000000000000000e+00
4.823742342656150983e-01 9.000000000000000000e+00 6.000000000000000000e+00
4.823742342656150983e-01 1.600000000000000000e+01 1.066666666666666607e+01
4.385220311478983946e-01 3.000000000000000000e+00 0.000000000000000000e+00
4.385220311478983946e-01 9.000000000000000000e+00 0.000000000000000000e+00
4.385220311478983946e-01 1.600000000000000000e+01 0.000000000000000000e+00
4.385220311478983946e-01 3.000000000000000000e+00 1.000000000000000000e+00
4.385220311478983946e-01 9.000000000000000000e+00 3.000000000000000000e+00
4.385220311478983946e-01 1.600000000000000000e+01 5.333333333333333037e+00
4.385220311478983946e-01 3.000000000000000000e+00 2.000000000000000000e+00
4.385220311478983946e-01 9.000000000000000000e+00 6.000000000000000000e+00
4.385220311478983946e-01 1.600000000000000000e+01 1.066666666666666607e+01
4.019785285524767326e-01 3.000000000000000000e+00 0.000000000000000000e+00
4.019785285524767326e-01 9.000000000000000000e+00 0.000000000000000000e+00
4.019785285524767326e-01 1.600000000000000000e+01 0.000000000000000000e+00
4.019785285524767326e-01 3.000000000000000000e+00 1.000000000000000000e+00
4.019785285524767326e-01 9.000000000000000000e+00 3.000000000000000000e+00
4.019785285524767326e-01 1.600000000000000000e+01 5.333333333333333037e+00
4.019785285524767326e-01 3.000000000000000000e+00 2.000000000000000000e+00
4.019785285524767326e-01 9.000000000000000000e+00 6.000000000000000000e+00
4.019785285524767326e-01 1.600000000000000000e+01 1.066666666666666607e+01
3.710571032806814218e-01 3.000000000000000000e+00 0.000000000000000000e+00
3.710571032806814218e-01 9.000000000000000000e+00 0.000000000000000000e+00
3.710571032806814218e-01 1.600000000000000000e+01 0.000000000000000000e+00
3.710571032806814218e-01 3.000000000000000000e+00 1.000000000000000000e+00
3.710571032806814218e-01 9.000000000000000000e+00 3.000000000000000000e+00
3.710571032806814218e-01 1.600000000000000000e+01 5.333333333333333037e+00
3.710571032806814218e-01 3.000000000000000000e+00 2.000000000000000000e+00
3.710571032806814218e-01 9.000000000000000000e+00 6.000000000000000000e+00
3.710571032806814218e-01 1.600000000000000000e+01 1.066666666666666607e+01
3.445530244753945981e-01 3.000000000000000000e+00 0.000000000000000000e+00
3.445530244753945981e-01 9.000000000000000000e+00 0.000000000000000000e+00
3.445530244753945981e-01 1.600000000000000000e+01 0.000000000000000000e+00
3.445530244753945981e-01 3.000000000000000000e+00 1.000000000000000000e+00
3.445530244753945981e-01 9.000000000000000000e+00 3.000000000000000000e+00
3.445530244753945981e-01 1.600000000000000000e+01 5.333333333333333037e+00
3.445530244753945981e-01 3.000000000000000000e+00 2.000000000000000000e+00
3.445530244753945981e-01 9.000000000000000000e+00 6.000000000000000000e+00
3.445530244753945981e-01 1.600000000000000000e+01 1.066666666666666607e+01
5.565373648315076194e-01 3.000000000000000000e+00 0.000000000000000000e+00
5.565373648315076194e-01 9.000000000000000000e+00 0.000000000000000000e+00
5.565373648315076194e-01 1.600000000000000000e+01 0.000000000000000000e+00
5.565373648315076194e-01 3.000000000000000000e+00 1.000000000000000000e+00
5.565373648315076194e-01 9.000000000000000000e+00 3.000000000000000000e+00
5.565373648315076194e-01 1.600000000000000000e+01 5.333333333333333037e+00
5.565373648315076194e-01 3.000000000000000000e+00 2.000000000000000000e+00
5.565373648315076194e-01 9.000000000000000000e+00 6.000000000000000000e+00
5.565373648315076194e-01 1.600000000000000000e+01 1.066666666666666607e+01
5.059430589346644025e-01 3.000000000000000000e+00 0.000000000000000000e+00
5.059430589346644025e-01 9.000000000000000000e+00 0.000000000000000000e+00
5.059430589346644025e-01 1.600000000000000000e+01 0.000000000000000000e+00
5.059430589346644025e-01 3.000000000000000000e+00 1.000000000000000000e+00
5.059430589346644025e-01 9.000000000000000000e+00 3.000000000000000000e+00
5.059430589346644025e-01 1.600000000000000000e+01 5.333333333333333037e+00
5.059430589346644025e-01 3.000000000000000000e+00 2.000000000000000000e+00
5.059430589346644025e-01 9.000000000000000000e+00 6.000000000000000000e+00
5.059430589346644025e-01 1.600000000000000000e+01 1.066666666666666607e+01
4.637811373570485673e-01 3.000000000000000000e+00 0.000000000000000000e+00
4.637811373570485673e-01 9.000000000000000000e+00 0.000000000000000000e+00
4.637811373570485673e-01 1.600000000000000000e+01 0.000000000000000000e+00
4.637811373570485673e-01 3.000000000000000000e+00 1.000000000000000000e+00
4.637811373570485673e-01 9.000000000000000000e+00 3.000000000000000000e+00
4.637811373570485673e-01 1.600000000000000000e+01 5.333333333333333037e+00
4.637811373570485673e-01 3.000000000000000000e+00 2.000000000000000000e+00
4.637811373570485673e-01 9.000000000000000000e+00 6.000000000000000000e+00
4.637811373570485673e-01 1.600000000000000000e+01 1.066666666666666607e+01
4.281056652543586694e-01 3.000000000000000000e+00 0.000000000000000000e+00
4.281056652543586694e-01 9.000000000000000000e+00 0.000000000000000000e+00
4.281056652543586694e-01 1.600000000000000000e+01 0.000000000000000000e+00
4.281056652543586694e-01 3.000000000000000000e+00 1.000000000000000000e+00
4.281056652543586694e-01 9.000000000000000000e+00 3.000000000000000000e+00
4.281056652543586694e-01 1.600000000000000000e+01 5.333333333333333037e+00
4.281056652543586694e-01 3.000000000000000000e+00 2.000000000000000000e+00
4.281056652543586694e-01 9.000000000000000000e+00 6.000000000000000000e+00
4.281056652543586694e-01 1.600000000000000000e+01 1.066666666666666607e+01
3.975266891653109758e-01 3.000000000000000000e+00 0.000000000000000000e+00
3.975266891653109758e-01 9.000000000000000000e+00 0.000000000000000000e+00
3.975266891653109758e-01 1.600000000000000000e+01 0.000000000000000000e+00
3.975266891653109758e-01 3.000000000000000000e+00 1.000000000000000000e+00
3.975266891653109758e-01 9.000000000000000000e+00 3.000000000000000000e+00
3.975266891653109758e-01 1.600000000000000000e+01 5.333333333333333037e+00
3.975266891653109758e-01 3.000000000000000000e+00 2.000000000000000000e+00
3.975266891653109758e-01 9.000000000000000000e+00 6.000000000000000000e+00
3.975266891653109758e-01 1.600000000000000000e+01 1.066666666666666607e+01
5.983336089323406659e-01 3.000000000000000000e+00 0.000000000000000000e+00
5.983336089323406659e-01 9.000000000000000000e+00 0.000000000000000000e+00
5.983336089323406659e-01 1.600000000000000000e+01 0.000000000000000000e+00
5.983336089323406659e-01 3.000000000000000000e+00 1.000000000000000000e+00
5.983336089323406659e-01 9.000000000000000000e+00 3.000000000000000000e+00
5.983336089323406659e-01 1.600000000000000000e+01 5.333333333333333037e+00
5.983336089323406659e-01 3.000000000000000000e+00 2.000000000000000000e+00
5.983336089323406659e-01 9.000000000000000000e+00 6.000000000000000000e+00
5.983336089323406659e-01 1.600000000000000000e+01 1.066666666666666607e+01
5.439396444848166867e-01 3.000000000000000000e+00 0.000000000000000000e+00
5.439396444848166867e-01 9.000000000000000000e+00 0.000000000000000000e+00
5.439396444848166867e-01 1.600000000000000000e+01 0.000000000000000000e+00
5.439396444848166867e-01 3.000000000000000000e+00 1.000000000000000000e+00
5.439396444848166867e-01 9.000000000000000000e+00 3.000000000000000000e+00
5.439396444848166867e-01 1.600000000000000000e+01 5.333333333333333037e+00
5.439396444848166867e-01 3.000000000000000000e+00 2.000000000000000000e+00
5.439396444848166867e-01 9.000000000000000000e+00 6.000000000000000000e+00
5.439396444848166867e-01 1.600000000000000000e+01 1.066666666666666607e+01
4.986113407767230332e-01 3.000000000000000000e+00 0.000000000000000000e+00
4.986113407767230332e-01 9.000000000000000000e+00 0.000000000000000000e+00
4.986113407767230332e-01 1.600000000000000000e+01 0.000000000000000000e+00
4.986113407767230332e-01 3.000000000000000000e+00 1.000000000000000000e+00
4.986113407767230332e-01 9.000000000000000000e+00 3.000000000000000000e+00
4.986113407767230332e-01 1.600000000000000000e+01 5.333333333333333037e+00
4.986113407767230332e-01 3.000000000000000000e+00 2.000000000000000000e+00
4.986113407767230332e-01 9.000000000000000000e+00 6.000000000000000000e+00
4.986113407767230332e-01 1.600000000000000000e+01 1.066666666666666607e+01
4.602566222545234620e-01 3.000000000000000000e+00 0.000000000000000000e+00
4.602566222545234620e-01 9.000000000000000000e+00 0.000000000000000000e+00
4.602566222545234620e-01 1.600000000000000000e+01 0.000000000000000000e+00
4.602566222545234620e-01 3.000000000000000000e+00 1.000000000000000000e+00
4.602566222545234620e-01 9.000000000000000000e+00 3.000000000000000000e+00
4.602566222545234620e-01 1.600000000000000000e+01 5.333333333333333037e+00
4.602566222545234620e-01 3.000000000000000000e+00 2.000000000000000000e+00
4.602566222545234620e-01 9.000000000000000000e+00 6.000000000000000000e+00
4.602566222545234620e-01 1.600000000000000000e+01 1.066666666666666607e+01
4.273811492380185650e-01 3.000000000000000000e+00 0.000000000000000000e+00
4.273811492380185650e-01 9.000000000000000000e+00 0.000000000000000000e+00
4.273811492380185650e-01 1.600000000000000000e+01 0.000000000000000000e+00
4.273811492380185650e-01 3.000000000000000000e+00 1.000000000000000000e+00
4.273811492380185650e-01 9.000000000000000000e+00 3.000000000000000000e+00
4.273811492380185650e-01 1.600000000000000000e+01 5.333333333333333037e+00
4.273811492380185650e-01 3.000000000000000000e+00 2.000000000000000000e+00
4.273811492380185650e-01 9.000000000000000000e+00 6.000000000000000000e+00
4.273811492380185650e-01 1.600000000000000000e+01 1.066666666666666607e+01
4.976923433842869726e-01 3.000000000000000000e+00 0.000000000000000000e+00
4.976923433842869726e-01 9.000000000000000000e+00 0.000000000000000000e+00
4.976923433842869726e-01 1.600000000000000000e+01 0.000000000000000000e+00
4.976923433842869726e-01 3.000000000000000000e+00 1.000000000000000000e+00
4.976923433842869726e-01 9.000000000000000000e+00 3.000000000000000000e+00
4.976923433842869726e-01 1.600000000000000000e+01 5.333333333333333037e+00
4.976923433842869726e-01 3.000000000000000000e+00 2.000000000000000000e+00
4.976923433842869726e-01 9.000000000000000000e+00 6.000000000000000000e+00
4.976923433842869726e-01 1.600000000000000000e+01 1.066666666666666607e+01
4.524475848956506230e-01 3.000000000000000000e+00 0.000000000000000000e+00
4.524475848956506230e-01 9.000000000000000000e+00 0.000000000000000000e+00
4.524475848956506230e-01 1.600000000000000000e+01 0.000000000000000000e+00
4.524475848956506230e-01 3.000000000000000000e+00 1.000000000000000000e+00
4.524475848956506230e-01 9.000000000000000000e+00 3.000000000000000000e+00
4.524475848956506230e-01 1.600000000000000000e+01 5.333333333333333037e+00
4.524475848956506230e-01 3.000000000000000000e+00 2.000000000000000000e+00
4.524475848956506230e-01 9.000000000000000000e+00 6.000000000000000000e+00
4.524475848956506230e-01 1.600000000000000000e+01 1.066666666666666607e+01
4.147436194861894854e-01 3.000000000000000000e+00 0.000000000000000000e+00
4.147436194861894854e-01 9.000000000000000000e+00 0.000000000000000000e+00
4.147436194861894854e-01 1.600000000000000000e+01 0.000000000000000000e+00
4.147436194861894854e-01 3.000000000000000000e+00 1.000000000000000000e+00
4.147436194861894854e-01 9.000000000000000000e+00 3.000000000000000000e+00
4.147436194861894854e-01 1.600000000000000000e+01 5.333333333333333037e+00
4.147436194861894854e-01 3.000000000000000000e+00 2.000000000000000000e+00
4.147436194861894854e-01 9.000000000000000000e+00 6.000000000000000000e+00
4.147436194861894854e-01 1.600000000000000000e+01 1.066666666666666607e+01
3.828402641426950082e-01 3.000000000000000000e+00 0.000000000000000000e+00
3.828402641426950082e-01 9.000000000000000000e+00 0.000000000000000000e+00
3.828402641426950082e-01 1.600000000000000000e+01 0.000000000000000000e+00
3.828402641426950082e-01 3.000000000000000000e+00 1.000000000000000000e+00
3.828402641426950082e-01 9.000000000000000000e+00 3.000000000000000000e+00
3.828402641426950082e-01 1.600000000000000000e+01 5.333333333333333037e+00
3.828402641426950082e-01 3.000000000000000000e+00 2.000000000000000000e+00
3.828402641426950082e-01 9.000000000000000000e+00 6.000000000000000000e+00
3.828402641426950082e-01 1.600000000000000000e+01 1.066666666666666607e+01
3.554945309885494398e-01 3.000000000000000000e+00 0.000000000000000000e+00
3.554945309885494398e-01 9.000000000000000000e+00 0.000000000000000000e+00
3.554945309885494398e-01 1.600000000000000000e+01 0.000000000000000000e+00
3.554945309885494398e-01 3.000000000000000000e+00 1.000000000000000000e+00
3.554945309885494398e-01 9.000000000000000000e+00 3.000000000000000000e+00
3.554945309885494398e-01 1.600000000000000000e+01 5.333333333333333037e+00
3.554945309885494398e-01 3.000000000000000000e+00 2.000000000000000000e+00
3.554945309885494398e-01 9.000000000000000000e+00 6.000000000000000000e+00
3.554945309885494398e-01 1.600000000000000000e+01 1.066666666666666607e+01
5.341217161755417164e-01 3.000000000000000000e+00 0.000000000000000000e+00
5.341217161755417164e-01 9.000000000000000000e+00 0.000000000000000000e+00
5.341217161755417164e-01 1.600000000000000000e+01 0.000000000000000000e+00
5.341217161755417164e-01 3.000000000000000000e+00 1.000000000000000000e+00
5.341217161755417164e-01 9.000000000000000000e+00 3.000000000000000000e+00
5.341217161755417164e-01 1.600000000000000000e+01 5.333333333333333037e+00
5.341217161755417164e-01 3.000000000000000000e+00 2.000000000000000000e+00
5.341217161755417164e-01 9.000000000000000000e+00 6.000000000000000000e+00
5.341217161755417164e-01 1.600000000000000000e+01 1.066666666666666607e+01
4.855651965214221044e-01 3.000000000000000000e+00 0.000000000000000000e+00
4.855651965214221044e-01 9.000000000000000000e+00 0.000000000000000000e+00
4.855651965214221044e-01 1.600000000000000000e+01 0.000000000000000000e+00
4.855651965214221044e-01 3.000000000000000000e+00 1.000000000000000000e+00
4.855651965214221044e-01 9.000000000000000000e+00 3.000000000000000000e+00
4.855651965214221044e-01 1.600000000000000000e+01 5.333333333333333037e+00
4.855651965214221044e-01 3.000000000000000000e+00 2.000000000000000000e+00
4.855651965214221044e-01 9.000000000000000000e+00 6.000000000000000000e+00
4.855651965214221044e-01 1.600000000000000000e+01 1.066666666666666607e+01
4.451014301471218348e-01 3.000000000000000000e+00 0.000000000000000000e+00
4.451014301471218348e-01 9.000000000000000000e+00 0.000000000000000000e+00
4.451014301471218348e-01 1.600000000000000000e+01 0.000000000000000000e+00
4.451014301471218348e-01 3.000000000000000000e+00 1.000000000000000000e+00
4.451014301471218348e-01 9.000000000000000000e+00 3.000000000000000000e+00
4.451014301471218348e-01 1.600000000000000000e+01 5.333333333333333037e+00
4.451014301471218348e-01 3.000000000000000000e+00 2.000000000000000000e+00
4.451014301471218348e-01 9.000000000000000000e+00 6.000000000000000000e+00
4.451014301471218348e-01 1.600000000000000000e+01 1.066666666666666607e+01
4.108628585976253911e-01 3.000000000000000000e+00 0.000000000000000000e+00
4.108628585976253911e-01 9.000000000000000000e+00 0.000000000000000000e+00
4.108628585976253911e-01 1.600000000000000000e+01 0.000000000000000000e+00
4.108628585976253911e-01 3.000000000000000000e+00 1.000000000000000000e+00
4.108628585976253911e-01 9.000000000000000000e+00 3.000000000000000000e+00
4.108628585976253911e-01 1.600000000000000000e+01 5.333333333333333037e+00
4.108628585976253911e-01 3.000000000000000000e+00 2.000000000000000000e+00
4.108628585976253911e-01 9.000000000000000000e+00 6.000000000000000000e+00
4.108628585976253911e-01 1.600000000000000000e+01 1.066666666666666607e+01
3.815155115548087839e-01 3.000000000000000000e+00 0.000000000000000000e+00
3.815155115548087839e-01 9.000000000000000000e+00 0.000000000000000000e+00
3.815155115548087839e-01 1.600000000000000000e+01 0.000000000000000000e+00
3.815155115548087839e-01 3.000000000000000000e+00 1.000000000000000000e+00
3.815155115548087839e-01 9.000000000000000000e+00 3.000000000000000000e+00
3.815155115548087839e-01 1.600000000000000000e+01 5.333333333333333037e+00
3.815155115548087839e-01 3.000000000000000000e+00 2.000000000000000000e+00
3.815155115548087839e-01 9.000000000000000000e+00 6.000000000000000000e+00
3.815155115548087839e-01 1.600000000000000000e+01 1.066666666666666607e+01
6.788455578868848317e-01 3.000000000000000000e+00 0.000000000000000000e+00
6.788455578868848317e-01 9.000000000000000000e+00 0.000000000000000000e+00
6.788455578868848317e-01 1.600000000000000000e+01 0.000000000000000000e+00
6.788455578868848317e-01 3.000000000000000000e+00 1.000000000000000000e+00
6.788455578868848317e-01 9.000000000000000000e+00 3.000000000000000000e+00
6.788455578868848317e-01 1.600000000000000000e+01 5.333333333333333037e+00
6.788455578868848317e-01 3.000000000000000000e+00 2.000000000000000000e+00
6.788455578868848317e-01 9.000000000000000000e+00 6.000000000000000000e+00
6.788455578868848317e-01 1.600000000000000000e+01 1.066666666666666607e+01
6.171323253490512695e-01 3.000000000000000000e+00 0.000000000000000000e+00
6.171323253490512695e-01 9.000000000000000000e+00 0.000000000000000000e+00
6.171323253490512695e-01 1.600000000000000000e+01 0.000000000000000000e+00
6.171323253490512695e-01 3.000000000000000000e+00 1.000000000000000000e+00
6.171323253490512695e-01 9.000000000000000000e+00 3.000000000000000000e+00
6.171323253490512695e-01 1.600000000000000000e+01 5.333333333333333037e+00
6.171323253490512695e-01 3.000000000000000000e+00 2.000000000000000000e+00
6.171323253490512695e-01 9.000000000000000000e+00 6.000000000000000000e+00
6.171323253490512695e-01 1.600000000000000000e+01 1.066666666666666607e+01
5.657046315759525212e-01 3.000000000000000000e+00 0.000000000000000000e+00
5.657046315759525212e-01 9.000000000000000000e+00 0.000000000000000000e+00
5.657046315759525212e-01 1.600000000000000000e+01 0.000000000000000000e+00
5.657046315759525212e-01 3.000000000000000000e+00 1.000000000000000000e+00
5.657046315759525212e-01 9.000000000000000000e+00 3.000000000000000000e+00
5.657046315759525212e-01 1.600000000000000000e+01 5.333333333333333037e+00
5.657046315759525212e-01 3.000000000000000000e+00 2.000000000000000000e+00
5.657046315759525212e-01 9.000000000000000000e+00 6.000000000000000000e+00
5.657046315759525212e-01 1.600000000000000000e+01 1.066666666666666607e+01
5.221888906845879585e-01 3.000000000000000000e+00 0.000000000000000000e+00
5.221888906845879585e-01 9.000000000000000000e+00 0.000000000000000000e+00
5.221888906845879585e-01 1.600000000000000000e+01 0.000000000000000000e+00
5.221888906845879585e-01 3.000000000000000000e+00 1.000000000000000000e+00
5.221888906845879585e-01 9.000000000000000000e+00 3.000000000000000000e+00
5.221888906845879585e-01 1.600000000000000000e+01 5.333333333333333037e+00
5.221888906845879585e-01 3.000000000000000000e+00 2.000000000000000000e+00
5.221888906845879585e-01 9.000000000000000000e+00 6.000000000000000000e+00
5.221888906845879585e-01 1.600000000000000000e+01 1.066666666666666607e+01
4.848896842042895727e-01 3.000000000000000000e+00 0.000000000000000000e+00
4.848896842042895727e-01 9.000000000000000000e+00 0.000000000000000000e+00
4.848896842042895727e-01 1.600000000000000000e+01 0.000000000000000000e+00
4.848896842042895727e-01 3.000000000000000000e+00 1.000000000000000000e+00
4.848896842042895727e-01 9.000000000000000000e+00 3.000000000000000000e+00
4.848896842042895727e-01 1.600000000000000000e+01 5.333333333333333037e+00
4.848896842042895727e-01 3.000000000000000000e+00 2.000000000000000000e+00
4.848896842042895727e-01 9.000000000000000000e+00 6.000000000000000000e+00
4.848896842042895727e-01 1.600000000000000000e+01 1.066666666666666607e+01
4.837006833566120378e-01 3.000000000000000000e+00 0.000000000000000000e+00
4.837006833566120378e-01 9.000000000000000000e+00 0.000000000000000000e+00
4.837006833566120378e-01 1.600000000000000000e+01 0.000000000000000000e+00
4.837006833566120378e-01 3.000000000000000000e+00 1.000000000000000000e+00
4.837006833566120378e-01 9.000000000000000000e+00 3.000000000000000000e+00
4.837006833566120378e-01 1.600000000000000000e+01 5.333333333333333037e+00
4.837006833566120378e-01 3.000000000000000000e+00 2.000000000000000000e+00
4.837006833566120378e-01 9.000000000000000000e+00 6.000000000000000000e+00
4.837006833566120378e-01 1.600000000000000000e+01 1.066666666666666607e+01
4.397278939596496738e-01 3.000000000000000000e+00 0.000000000000000000e+00
4.397278939596496738e-01 9.000000000000000000e+00 0.000000000000000000e+00
4.397278939596496738e-01 1.600000000000000000e+01 0.000000000000000000e+00
4.397278939596496738e-01 3.000000000000000000e+00 1.000000000000000000e+00
4.397278939596496738e-01 9.000000000000000000e+00 3.000000000000000000e+00
4.397278939596496738e-01 1.600000000000000000e+01 5.333333333333333037e+00
4.397278939596496738e-01 3.000000000000000000e+00 2.000000000000000000e+00
4.397278939596496738e-01 9.000000000000000000e+00 6.000000000000000000e+00
4.397278939596496738e-01 1.600000000000000000e+01 1.066666666666666607e+01
4.030839027972195621e-01 3.000000000000000000e+00 0.000000000000000000e+00
4.030839027972195621e-01 9.000000000000000000e+00 0.000000000000000000e+00
4.030839027972195621e-01 1.600000000000000000e+01 0.000000000000000000e+00
4.030839027972195621e-01 3.000000000000000000e+00 1.000000000000000000e+00
4.030839027972195621e-01 9.000000000000000000e+00 3.000000000000000000e+00
4.030839027972195621e-01 1.600000000000000000e+01 5.333333333333333037e+00
4.030839027972195621e-01 3.000000000000000000e+00 2.000000000000000000e+00
4.030839027972195621e-01 9.000000000000000000e+00 6.000000000000000000e+00
4.030839027972195621e-01 1.600000000000000000e+01 1.066666666666666607e+01
3.720774487357398352e-01 3.000000000000000000e+00 0.000000000000000000e+00
3.720774487357398352e-01 9.000000000000000000e+00 0.000000000000000000e+00
3.720774487357398352e-01 1.600000000000000000e+01 0.000000000000000000e+00
3.720774487357398352e-01 3.000000000000000000e+00 1.000000000000000000e+00
3.720774487357398352e-01 9.000000000000000000e+00 3.000000000000000000e+00
3.720774487357398352e-01 1.600000000000000000e+01 5.333333333333333037e+00
3.720774487357398352e-01 3.000000000000000000e+00 2.000000000000000000e+00
3.720774487357398352e-01 9.000000000000000000e+00 6.000000000000000000e+00
3.720774487357398352e-01 1.600000000000000000e+01 1.066666666666666607e+01
3.455004881119009275e-01 3.000000000000000000e+00 0.000000000000000000e+00
3.455004881119009275e-01 9.000000000000000000e+00 0.000000000000000000e+00
3.455004881119009275e-01 1.600000000000000000e+01 0.000000000000000000e+00
3.455004881119009275e-01 3.000000000000000000e+00 1.000000000000000000e+00
3.455004881119009275e-01 9.000000000000000000e+00 3.000000000000000000e+00
3.455004881119009275e-01 1.600000000000000000e+01 5.333333333333333037e+00
3.455004881119009275e-01 3.000000000000000000e+00 2.000000000000000000e+00
3.455004881119009275e-01 9.000000000000000000e+00 6.000000000000000000e+00
3.455004881119009275e-01 1.600000000000000000e+01 1.066666666666666607e+01
5.818854694970333474e-01 3.000000000000000000e+00 0.000000000000000000e+00
5.818854694970333474e-01 9.000000000000000000e+00 0.000000000000000000e+00
5.818854694970333474e-01 1.600000000000000000e+01 0.000000000000000000e+00
5.818854694970333474e-01 3.000000000000000000e+00 1.000000000000000000e+00
5.818854694970333474e-01 9.000000000000000000e+00 3.000000000000000000e+00
5.818854694970333474e-01 1.600000000000000000e+01 5.333333333333333037e+00
5.818854694970333474e-01 3.000000000000000000e+00 2.000000000000000000e+00
5.818854694970333474e-01 9.000000000000000000e+00 6.000000000000000000e+00
5.818854694970333474e-01 1.600000000000000000e+01 1.066666666666666607e+01
5.289867904531804221e-01 3.000000000000000000e+00 0.000000000000000000e+00
5.289867904531804221e-01 9.000000000000000000e+00 0.000000000000000000e+00
5.289867904531804221e-01 1.600000000000000000e+01 0.000000000000000000e+00
5.289867904531804221e-01 3.000000000000000000e+00 1.000000000000000000e+00
5.289867904531804221e-01 9.000000000000000000e+00 3.000000000000000000e+00
5.289867904531804221e-01 1.600000000000000000e+01 5.333333333333333037e+00
5.289867904531804221e-01 3.000000000000000000e+00 2.000000000000000000e+00
5.289867904531804221e-01 9.000000000000000000e+00 6.000000000000000000e+00
5.289867904531804221e-01 1.600000000000000000e+01 1.066666666666666607e+01
4.849045579118443361e-01 3.000000000000000000e+00 0.000000000000000000e+00
4.849045579118443361e-01 9.000000000000000000e+00 0.000000000000000000e+00
4.849045579118443361e-01 1.600000000000000000e+01 0.000000000000000000e+00
4.849045579118443361e-01 3.000000000000000000e+00 1.000000000000000000e+00
4.849045579118443361e-01 9.000000000000000000e+00 3.000000000000000000e+00
4.849045579118443361e-01 1.600000000000000000e+01 5.333333333333333037e+00
4.849045579118443361e-01 3.000000000000000000e+00 2.000000000000000000e+00
4.849045579118443361e-01 9.000000000000000000e+00 6.000000000000000000e+00
4.849045579118443361e-01 1.600000000000000000e+01 1.066666666666666607e+01
4.476042073067728611e-01 3.000000000000000000e+00 0.000000000000000000e+00
4.476042073067728611e-01 9.000000000000000000e+00 0.000000000000000000e+00
4.476042073067728611e-01 1.600000000000000000e+01 0.000000000000000000e+00
4.476042073067728611e-01 3.000000000000000000e+00 1.000000000000000000e+00
4.476042073067728611e-01 9.000000000000000000e+00 3.000000000000000000e+00
4.476042073067728611e-01 1.600000000000000000e+01 5.333333333333333037e+00
4.476042073067728611e-01 3.000000000000000000e+00 2.000000000000000000e+00
4.476042073067728611e-01 9.000000000000000000e+00 6.000000000000000000e+00
4.476042073067728611e-01 1.600000000000000000e+01 1.066666666666666607e+01
4.156324782143024921e-01 3.000000000000000000e+00 0.000000000000000000e+00
4.156324782143024921e-01 9.000000000000000000e+00 0.000000000000000000e+00
4.156324782143024921e-01 1.600000000000000000e+01 0.000000000000000000e+00
4.156324782143024921e-01 3.000000000000000000e+00 1.000000000000000000e+00
4.156324782143024921e-01 9.000000000000000000e+00 3.000000000000000000e+00
4.156324782143024921e-01 1.600000000000000000e+01 5.333333333333333037e+00
4.156324782143024921e-01 3.000000000000000000e+00 2.000000000000000000e+00
4.156324782143024921e-01 9.000000000000000000e+00 6.000000000000000000e+00
4.156324782143024921e-01 1.600000000000000000e+01 1.066666666666666607e+01
5.964878857234847676e-01 3.000000000000000000e+00 0.000000000000000000e+00
5.964878857234847676e-01 9.000000000000000000e+00 0.000000000000000000e+00
5.964878857234847676e-01 1.600000000000000000e+01 0.000000000000000000e+00
5.964878857234847676e-01 3.000000000000000000e+00 1.000000000000000000e+00
5.964878857234847676e-01 9.000000000000000000e+00 3.000000000000000000e+00
5.964878857234847676e-01 1.600000000000000000e+01 5.333333333333333037e+00
5.964878857234847676e-01 3.000000000000000000e+00 2.000000000000000000e+00
5.964878857234847676e-01 9.000000000000000000e+00 6.000000000000000000e+00
5.964878857234847676e-01 1.600000000000000000e+01 1.066666666666666607e+01
5.422617142919360367e-01 3.000000000000000000e+00 0.000000000000000000e+00
5.422617142919360367e-01 9.000000000000000000e+00 0.000000000000000000e+00
5.422617142919360367e-01 1.600000000000000000e+01 0.000000000000000000e+00
5.422617142919360367e-01 3.000000000000000000e+00 1.000000000000000000e+00
5.422617142919360367e-01 9.000000000000000000e+00 3.000000000000000000e+00
5.422617142919360367e-01 1.600000000000000000e+01 5.333333333333333037e+00
5.422617142919360367e-01 3.000000000000000000e+00 2.000000000000000000e+00
5.422617142919360367e-01 9.000000000000000000e+00 6.000000000000000000e+00
5.422617142919360367e-01 1.600000000000000000e+01 1.066666666666666607e+01
4.970732381021971680e-01 3.000000000000000000e+00 0.000000000000000000e+00
4.970732381021971680e-01 9.000000000000000000e+00 0.000000000000000000e+00
4.970732381021971680e-01 1.600000000000000000e+01 0.000000000000000000e+00
4.970732381021971680e-01 3.000000000000000000e+00 1.000000000000000000e+00
4.970732381021971680e-01 9.000000000000000000e+00 3.000000000000000000e+00
4.970732381021971680e-01 1.600000000000000000e+01 5.333333333333333037e+00
4.970732381021971680e-01 3.000000000000000000e+00 2.000000000000000000e+00
4.970732381021971680e-01 9.000000000000000000e+00 6.000000000000000000e+00
4.970732381021971680e-01 1.600000000000000000e+01 1.066666666666666607e+01
4.588368351712175386e-01 3.000000000000000000e+00 0.000000000000000000e+00
4.588368351712175386e-01 9.000000000000000000e+00 0.000000000000000000e+00
4.588368351712175386e-01 1.600000000000000000e+01 0.000000000000000000e+00
4.588368351712175386e-01 3.000000000000000000e+00 1.000000000000000000e+00
4.588368351712175386e-01 9.000000000000000000e+00 3.000000000000000000e+00
4.588368351712175386e-01 1.600000000000000000e+01 5.333333333333333037e+00
4.588368351712175386e-01 3.000000000000000000e+00 2.000000000000000000e+00
4.588368351712175386e-01 9.000000000000000000e+00 6.000000000000000000e+00
4.588368351712175386e-01 1.600000000000000000e+01 1.066666666666666607e+01
4.260627755151191742e-01 3.000000000000000000e+00 0.000000000000000000e+00
4.260627755151191742e-01 9.000000000000000000e+00 0.000000000000000000e+00
4.260627755151191742e-01 1.600000000000000000e+01 0.000000000000000000e+00
4.260627755151191742e-01 3.000000000000000000e+00 1.000000000000000000e+00
4.260627755151191742e-01 9.000000000000000000e+00 3.000000000000000000e+00
4.260627755151191742e-01 1.600000000000000000e+01 5.333333333333333037e+00
4.260627755151191742e-01 3.000000000000000000e+00 2.000000000000000000e+00
4.260627755151191742e-01 9.000000000000000000e+00 6.000000000000000000e+00
4.260627755151191742e-01 1.600000000000000000e+01 1.066666666666666607e+01
5.869051690121511733e-01 3.000000000000000000e+00 0.000000000000000000e+00
5.869051690121511733e-01 9.000000000000000000e+00 0.000000000000000000e+00
5.869051690121511733e-01 1.600000000000000000e+01 0.000000000000000000e+00
5.869051690121511733e-01 3.000000000000000000e+00 1.000000000000000000e+00
5.869051690121511733e-01 9.000000000000000000e+00 3.000000000000000000e+00
5.869051690121511733e-01 1.600000000000000000e+01 5.333333333333333037e+00
5.869051690121511733e-01 3.000000000000000000e+00 2.000000000000000000e+00
5.869051690121511733e-01 9.000000000000000000e+00 6.000000000000000000e+00
5.869051690121511733e-01 1.600000000000000000e+01 1.066666666666666607e+01
5.335501536447895266e-01 3.000000000000000000e+00 0.000000000000000000e+00
5.335501536447895266e-01 9.000000000000000000e+00 0.000000000000000000e+00
5.335501536447895266e-01 1.600000000000000000e+01 0.000000000000000000e+00
5.335501536447895266e-01 3.000000000000000000e+00 1.000000000000000000e+00
5.335501536447895266e-01 9.000000000000000000e+00 3.000000000000000000e+00
5.335501536447895266e-01 1.600000000000000000e+01 5.333333333333333037e+00
5.335501536447895266e-01 3.000000000000000000e+00 2.000000000000000000e+00
5.335501536447895266e-01 9.000000000000000000e+00 6.000000000000000000e+00
5.335501536447895266e-01 1.600000000000000000e+01 1.066666666666666607e+01
4.890876408445677392e-01 3.000000000000000000e+00 0.000000000000000000e+00
4.890876408445677392e-01 9.000000000000000000e+00 0.000000000000000000e+00
4.890876408445677392e-01 1.600000000000000000e+01 0.000000000000000000e+00
4.890876408445677392e-01 3.000000000000000000e+00 1.000000000000000000e+00
4.890876408445677392e-01 9.000000000000000000e+00 3.000000000000000000e+00
4.890876408445677392e-01 1.600000000000000000e+01 5.333333333333333037e+00
4.890876408445677392e-01 3.000000000000000000e+00 2.000000000000000000e+00
4.890876408445677392e-01 9.000000000000000000e+00 6.000000000000000000e+00
4.890876408445677392e-01 1.600000000000000000e+01 1.066666666666666607e+01
4.514655146240491024e-01 3.000000000000000000e+00 0.000000000000000000e+00
4.514655146240491024e-01 9.000000000000000000e+00 0.000000000000000000e+00
4.514655146240491024e-01 1.600000000000000000e+01 0.000000000000000000e+00
4.514655146240491024e-01 3.000000000000000000e+00 1.000000000000000000e+00
4.514655146240491024e-01 9.000000000000000000e+00 3.000000000000000000e+00
4.514655146240491024e-01 1.600000000000000000e+01 5.333333333333333037e+00
4.514655146240491024e-01 3.000000000000000000e+00 2.000000000000000000e+00
4.514655146240491024e-01 9.000000000000000000e+00 6.000000000000000000e+00
4.514655146240491024e-01 1.600000000000000000e+01 1.066666666666666607e+01
4.192179778670562795e-01 3.000000000000000000e+00 0.000000000000000000e+00
4.192179778670562795e-01 9.000000000000000000e+00 0.000000000000000000e+00
4.192179778670562795e-01 1.600000000000000000e+01 0.000000000000000000e+00
4.192179778670562795e-01 3.000000000000000000e+00 1.000000000000000000e+00
4.192179778670562795e-01 9.000000000000000000e+00 3.000000000000000000e+00
4.192179778670562795e-01 1.600000000000000000e+01 5.333333333333333037e+00
4.192179778670562795e-01 3.000000000000000000e+00 2.000000000000000000e+00
4.192179778670562795e-01 9.000000000000000000e+00 6.000000000000000000e+00
4.192179778670562795e-01 1.600000000000000000e+01 1.066666666666666607e+01
5.091677740184058498e-01 3.000000000000000000e+00 0.000000000000000000e+00
5.091677740184058498e-01 9.000000000000000000e+00 0.000000000000000000e+00
5.091677740184058498e-01 1.600000000000000000e+01 0.000000000000000000e+00
5.091677740184058498e-01 3.000000000000000000e+00 1.000000000000000000e+00
5.091677740184058498e-01 9.000000000000000000e+00 3.000000000000000000e+00
5.091677740184058498e-01 1.600000000000000000e+01 5.333333333333333037e+00
5.091677740184058498e-01 3.000000000000000000e+00 2.000000000000000000e+00
5.091677740184058498e-01 9.000000000000000000e+00 6.000000000000000000e+00
5.091677740184058498e-01 1.600000000000000000e+01 1.066666666666666607e+01
4.628797945612326270e-01 3.000000000000000000e+00 0.000000000000000000e+00
4.628797945612326270e-01 9.000000000000000000e+00 0.000000000000000000e+00
4.628797945612326270e-01 1.600000000000000000e+01 0.000000000000000000e+00
4.628797945612326270e-01 3.000000000000000000e+00 1.000000000000000000e+00
4.628797945612326270e-01 9.000000000000000000e+00 3.000000000000000000e+00
4.628797945612326270e-01 1.600000000000000000e+01 5.333333333333333037e+00
4.628797945612326270e-01 3.000000000000000000e+00 2.000000000000000000e+00
4.628797945612326270e-01 9.000000000000000000e+00 6.000000000000000000e+00
4.628797945612326270e-01 1.600000000000000000e+01 1.066666666666666607e+01
4.243064783487165981e-01 3.000000000000000000e+00 0.000000000000000000e+00
4.243064783487165981e-01 9.000000000000000000e+00 0.000000000000000000e+00
4.243064783487165981e-01 1.600000000000000000e+01 0.000000000000000000e+00
4.243064783487165981e-01 3.000000000000000000e+00 1.000000000000000000e+00
4.243064783487165981e-01 9.000000000000000000e+00 3.000000000000000000e+00
4.243064783487165981e-01 1.600000000000000000e+01 5.333333333333333037e+00
4.243064783487165981e-01 3.000000000000000000e+00 2.000000000000000000e+00
4.243064783487165981e-01 9.000000000000000000e+00 6.000000000000000000e+00
4.243064783487165981e-01 1.600000000000000000e+01 1.066666666666666607e+01
3.916675184755751271e-01 3.000000000000000000e+00 0.000000000000000000e+00
3.916675184755751271e-01 9.000000000000000000e+00 0.000000000000000000e+00
3.916675184755751271e-01 1.600000000000000000e+01 0.000000000000000000e+00
3.916675184755751271e-01 3.000000000000000000e+00 1.000000000000000000e+00
3.916675184755751271e-01 9.000000000000000000e+00 3.000000000000000000e+00
3.916675184755751271e-01 1.600000000000000000e+01 5.333333333333333037e+00
3.916675184755751271e-01 3.000000000000000000e+00 2.000000000000000000e+00
3.916675184755751271e-01 9.000000000000000000e+00 6.000000000000000000e+00
3.916675184755751271e-01 1.600000000000000000e+01 1.066666666666666607e+01
3.636912671560412202e-01 3.000000000000000000e+00 0.000000000000000000e+00
3.636912671560412202e-01 9.000000000000000000e+00 0.000000000000000000e+00
3.636912671560412202e-01 1.600000000000000000e+01 0.000000000000000000e+00
3.636912671560412202e-01 3.000000000000000000e+00 1.000000000000000000e+00
3.636912671560412202e-01 9.000000000000000000e+00 3.000000000000000000e+00
3.636912671560412202e-01 1.600000000000000000e+01 5.333333333333333037e+00
3.636912671560412202e-01 3.000000000000000000e+00 2.000000000000000000e+00
3.636912671560412202e-01 9.000000000000000000e+00 6.000000000000000000e+00
3.636912671560412202e-01 1.600000000000000000e+01 1.066666666666666607e+01
5.678720987019453270e-01 3.000000000000000000e+00 0.000000000000000000e+00
5.678720987019453270e-01 9.000000000000000000e+00 0.000000000000000000e+00
5.678720987019453270e-01 1.600000000000000000e+01 0.000000000000000000e+00
5.678720987019453270e-01 3.000000000000000000e+00 1.000000000000000000e+00
5.678720987019453270e-01 9.000000000000000000e+00 3.000000000000000000e+00
5.678720987019453270e-01 1.600000000000000000e+01 5.333333333333333037e+00
5.678720987019453270e-01 3.000000000000000000e+00 2.000000000000000000e+00
5.678720987019453270e-01 9.000000000000000000e+00 6.000000000000000000e+00
5.678720987019453270e-01 1.600000000000000000e+01 1.066666666666666607e+01
5.162473624547725404e-01 3.000000000000000000e+00 0.000000000000000000e+00
5.162473624547725404e-01 9.000000000000000000e+00 0.000000000000000000e+00
5.162473624547725404e-01 1.600000000000000000e+01 0.000000000000000000e+00
5.162473624547725404e-01 3.000000000000000000e+00 1.000000000000000000e+00
5.162473624547725404e-01 9.000000000000000000e+00 3.000000000000000000e+00
5.162473624547725404e-01 1.600000000000000000e+01 5.333333333333333037e+00
5.162473624547725404e-01 3.000000000000000000e+00 2.000000000000000000e+00
5.162473624547725404e-01 9.000000000000000000e+00 6.000000000000000000e+00
5.162473624547725404e-01 1.600000000000000000e+01 1.066666666666666607e+01
4.732267489184875942e-01 3.000000000000000000e+00 0.000000000000000000e+00
4.732267489184875942e-01 9.000000000000000000e+00 0.000000000000000000e+00
4.732267489184875942e-01 1.600000000000000000e+01 0.000000000000000000e+00
4.732267489184875942e-01 3.000000000000000000e+00 1.000000000000000000e+00
4.732267489184875942e-01 9.000000000000000000e+00 3.000000000000000000e+00
4.732267489184875942e-01 1.600000000000000000e+01 5.333333333333333037e+00
4.732267489184875942e-01 3.000000000000000000e+00 2.000000000000000000e+00
4.732267489184875942e-01 9.000000000000000000e+00 6.000000000000000000e+00
4.732267489184875942e-01 1.600000000000000000e+01 1.066666666666666607e+01
4.368246913103340789e-01 3.000000000000000000e+00 0.000000000000000000e+00
4.368246913103340789e-01 9.000000000000000000e+00 0.000000000000000000e+00
4.368246913103340789e-01 1.600000000000000000e+01 0.000000000000000000e+00
4.368246913103340789e-01 3.000000000000000000e+00 1.000000000000000000e+00
4.368246913103340789e-01 9.000000000000000000e+00 3.000000000000000000e+00
4.368246913103340789e-01 1.600000000000000000e+01 5.333333333333333037e+00
4.368246913103340789e-01 3.000000000000000000e+00 2.000000000000000000e+00
4.368246913103340789e-01 9.000000000000000000e+00 6.000000000000000000e+00
4.368246913103340789e-01 1.600000000000000000e+01 1.066666666666666607e+01
4.056229276445171283e-01 3.000000000000000000e+00 0.000000000000000000e+00
4.056229276445171283e-01 9.000000000000000000e+00 0.000000000000000000e+00
4.056229276445171283e-01 1.600000000000000000e+01 0.000000000000000000e+00
4.056229276445171283e-01 3.000000000000000000e+00 1.000000000000000000e+00
4.056229276445171283e-01 9.000000000000000000e+00 3.000000000000000000e+00
4.056229276445171283e-01 1.600000000000000000e+01 5.333333333333333037e+00
4.056229276445171283e-01 3.000000000000000000e+00 2.000000000000000000e+00
4.056229276445171283e-01 9.000000000000000000e+00 6.000000000000000000e+00
4.056229276445171283e-01 1.600000000000000000e+01 1.066666666666666607e+01
5.983096105523759700e-01 3.000000000000000000e+00 0.000000000000000000e+00
5.983096105523759700e-01 9.000000000000000000e+00 0.000000000000000000e+00
5.983096105523759700e-01 1.600000000000000000e+01 0.000000000000000000e+00
5.983096105523759700e-01 3.000000000000000000e+00 1.000000000000000000e+00
5.983096105523759700e-01 9.000000000000000000e+00 3.000000000000000000e+00
5.983096105523759700e-01 1.600000000000000000e+01 5.333333333333333037e+00
5.983096105523759700e-01 3.000000000000000000e+00 2.000000000000000000e+00
5.983096105523759700e-01 9.000000000000000000e+00 6.000000000000000000e+00
5.983096105523759700e-01 1.600000000000000000e+01 1.066666666666666607e+01
5.439178277757578117e-01 3.000000000000000000e+00 0.000000000000000000e+00
5.439178277757578117e-01 9.000000000000000000e+00 0.000000000000000000e+00
5.439178277757578117e-01 1.600000000000000000e+01 0.000000000000000000e+00
5.439178277757578117e-01 3.000000000000000000e+00 1.000000000000000000e+00
5.439178277757578117e-01 9.000000000000000000e+00 3.000000000000000000e+00
5.439178277757578117e-01 1.600000000000000000e+01 5.333333333333333037e+00
5.439178277757578117e-01 3.000000000000000000e+00 2.000000000000000000e+00
5.439178277757578117e-01 9.000000000000000000e+00 6.000000000000000000e+00
5.439178277757578117e-01 1.600000000000000000e+01 1.066666666666666607e+01
4.985913421267524348e-01 3.000000000000000000e+00 0.000000000000000000e+00
4.985913421267524348e-01 9.000000000000000000e+00 0.000000000000000000e+00
4.985913421267524348e-01 1.600000000000000000e+01 0.000000000000000000e+00
4.985913421267524348e-01 3.000000000000000000e+00 1.000000000000000000e+00
4.985913421267524348e-01 9.000000000000000000e+00 3.000000000000000000e+00
4.985913421267524348e-01 1.600000000000000000e+01 5.333333333333333037e+00
4.985913421267524348e-01 3.000000000000000000e+00 2.000000000000000000e+00
4.985913421267524348e-01 9.000000000000000000e+00 6.000000000000000000e+00
4.985913421267524348e-01 1.600000000000000000e+01 1.066666666666666607e+01
4.602381619643786670e-01 3.000000000000000000e+00 0.000000000000000000e+00
4.602381619643786670e-01 9.000000000000000000e+00 0.000000000000000000e+00
4.602381619643786670e-01 1.600000000000000000e+01 0.000000000000000000e+00
4.602381619643786670e-01 3.000000000000000000e+00 1.000000000000000000e+00
4.602381619643786670e-01 9.000000000000000000e+00 3.000000000000000000e+00
4.602381619643786670e-01 1.600000000000000000e+01 5.333333333333333037e+00
4.602381619643786670e-01 3.000000000000000000e+00 2.000000000000000000e+00
4.602381619643786670e-01 9.000000000000000000e+00 6.000000000000000000e+00
4.602381619643786670e-01 1.600000000000000000e+01 1.066666666666666607e+01
4.273640075380437664e-01 3.000000000000000000e+00 0.000000000000000000e+00
4.273640075380437664e-01 9.000000000000000000e+00 0.000000000000000000e+00
4.273640075380437664e-01 1.600000000000000000e+01 0.000000000000000000e+00
4.273640075380437664e-01 3.000000000000000000e+00 1.000000000000000000e+00
4.273640075380437664e-01 9.000000000000000000e+00 3.000000000000000000e+00
4.273640075380437664e-01 1.600000000000000000e+01 5.333333333333333037e+00
4.273640075380437664e-01 3.000000000000000000e+00 2.000000000000000000e+00
4.273640075380437664e-01 9.000000000000000000e+00 6.000000000000000000e+00
4.273640075380437664e-01 1.600000000000000000e+01 1.066666666666666607e+01
5.366365429815559418e-01 3.000000000000000000e+00 0.000000000000000000e+00
5.366365429815559418e-01 9.000000000000000000e+00 0.000000000000000000e+00
5.366365429815559418e-01 1.600000000000000000e+01 0.000000000000000000e+00
5.366365429815559418e-01 3.000000000000000000e+00 1.000000000000000000e+00
5.366365429815559418e-01 9.000000000000000000e+00 3.000000000000000000e+00
5.366365429815559418e-01 1.600000000000000000e+01 5.333333333333333037e+00
5.366365429815559418e-01 3.000000000000000000e+00 2.000000000000000000e+00
5.366365429815559418e-01 9.000000000000000000e+00 6.000000000000000000e+00
5.366365429815559418e-01 1.600000000000000000e+01 1.066666666666666607e+01
4.878514027104944861e-01 3.000000000000000000e+00 0.000000000000000000e+00
4.878514027104944861e-01 9.000000000000000000e+00 0.000000000000000000e+00
4.878514027104944861e-01 1.600000000000000000e+01 0.000000000000000000e+00
4.878514027104944861e-01 3.000000000000000000e+00 1.000000000000000000e+00
4.878514027104944861e-01 9.000000000000000000e+00 3.000000000000000000e+00
4.878514027104944861e-01 1.600000000000000000e+01 5.333333333333333037e+00
4.878514027104944861e-01 3.000000000000000000e+00 2.000000000000000000e+00
4.878514027104944861e-01 9.000000000000000000e+00 6.000000000000000000e+00
4.878514027104944861e-01 1.600000000000000000e+01 1.066666666666666607e+01
4.471971191521197375e-01 3.000000000000000000e+00 0.000000000000000000e+00
4.471971191521197375e-01 9.000000000000000000e+00 0.000000000000000000e+00
4.471971191521197375e-01 1.600000000000000000e+01 0.000000000000000000e+00
4.471971191521197375e-01 3.000000000000000000e+00 1.000000000000000000e+00
4.471971191521197375e-01 9.000000000000000000e+00 3.000000000000000000e+00
4.471971191521197375e-01 1.600000000000000000e+01 5.333333333333333037e+00
4.471971191521197375e-01 3.000000000000000000e+00 2.000000000000000000e+00
4.471971191521197375e-01 9.000000000000000000e+00 6.000000000000000000e+00
4.471971191521197375e-01 1.600000000000000000e+01 1.066666666666666607e+01
4.127973407542500084e-01 3.000000000000000000e+00 0.000000000000000000e+00
4.127973407542500084e-01 9.000000000000000000e+00 0.000000000000000000e+00
4.127973407542500084e-01 1.600000000000000000e+01 0.000000000000000000e+00
4.127973407542500084e-01 3.000000000000000000e+00 1.000000000000000000e+00
4.127973407542500084e-01 9.000000000000000000e+00 3.000000000000000000e+00
4.127973407542500084e-01 1.600000000000000000e+01 5.333333333333333037e+00
4.127973407542500084e-01 3.000000000000000000e+00 2.000000000000000000e+00
4.127973407542500084e-01 9.000000000000000000e+00 6.000000000000000000e+00
4.127973407542500084e-01 1.600000000000000000e+01 1.066666666666666607e+01
3.833118164153170304e-01 3.000000000000000000e+00 0.000000000000000000e+00
3.833118164153170304e-01 9.000000000000000000e+00 0.000000000000000000e+00
3.833118164153170304e-01 1.600000000000000000e+01 0.000000000000000000e+00
3.833118164153170304e-01 3.000000000000000000e+00 1.000000000000000000e+00
3.833118164153170304e-01 9.000000000000000000e+00 3.000000000000000000e+00
3.833118164153170304e-01 1.600000000000000000e+01 5.333333333333333037e+00
3.833118164153170304e-01 3.000000000000000000e+00 2.000000000000000000e+00
3.833118164153170304e-01 9.000000000000000000e+00 6.000000000000000000e+00
3.833118164153170304e-01 1.600000000000000000e+01 1.066666666666666607e+01
